/*--------------------------------*- C++ -*----------------------------------*\
| =========                 |                                                 |
| \\      /  F ield         | OpenFOAM: The Open Source CFD Toolbox           |
|  \\    /   O peration     | Version:  2606                                  |
|   \\  /    A nd           | Website:  www.openfoam.com                      |
|    \\/     M anipulation  |                                                 |
\*---------------------------------------------------------------------------*/
FoamFile
{
    version     2.0;
    format      ascii;
    arch        "LSB;label=32;scalar=64";
    class       volScalarField;
    location    "0";
    object      Cx;
}
// * * * * * * * * * * * * * * * * * * * * * * * * * * * * * * * * * * * * * //

dimensions      [0 1 0 0 0 0 0];

internalField   nonuniform List<scalar> 
9000
(
0.02
0.06
0.1
0.14
0.18
0.22
0.26
0.3
0.34
0.38
0.42
0.46
0.5
0.54
0.58
0.62
0.66
0.7
0.74
0.78
0.82
0.86
0.9
0.94
0.98
1.02
1.06
1.1
1.14
1.18
1.22
1.26
1.3
1.34
1.38
1.42
1.46
1.5
1.54
1.58
1.62
1.66
1.7
1.74
1.78
1.82
1.86
1.9
1.94
1.98
0.02
0.06
0.1
0.14
0.18
0.22
0.26
0.3
0.34
0.38
0.42
0.46
0.5
0.54
0.58
0.62
0.66
0.7
0.74
0.78
0.82
0.86
0.9
0.94
0.98
1.02
1.06
1.1
1.14
1.18
1.22
1.26
1.3
1.34
1.38
1.42
1.46
1.5
1.54
1.58
1.62
1.66
1.7
1.74
1.78
1.82
1.86
1.9
1.94
1.98
0.02
0.06
0.1
0.14
0.18
0.22
0.26
0.3
0.34
0.38
0.42
0.46
0.5
0.54
0.58
0.62
0.66
0.7
0.74
0.78
0.82
0.86
0.9
0.94
0.98
1.02
1.06
1.1
1.14
1.18
1.22
1.26
1.3
1.34
1.38
1.42
1.46
1.5
1.54
1.58
1.62
1.66
1.7
1.74
1.78
1.82
1.86
1.9
1.94
1.98
0.02
0.06
0.1
0.14
0.18
0.22
0.26
0.3
0.34
0.38
0.42
0.46
0.5
0.54
0.58
0.62
0.66
0.7
0.74
0.78
0.82
0.86
0.9
0.94
0.98
1.02
1.06
1.1
1.14
1.18
1.22
1.26
1.3
1.34
1.38
1.42
1.46
1.5
1.54
1.58
1.62
1.66
1.7
1.74
1.78
1.82
1.86
1.9
1.94
1.98
0.02
0.06
0.1
0.14
0.18
0.22
0.26
0.3
0.34
0.38
0.42
0.46
0.5
0.54
0.58
0.62
0.66
0.7
0.74
0.78
0.82
0.86
0.9
0.94
0.98
1.02
1.06
1.1
1.14
1.18
1.22
1.26
1.3
1.34
1.38
1.42
1.46
1.5
1.54
1.58
1.62
1.66
1.7
1.74
1.78
1.82
1.86
1.9
1.94
1.98
0.02
0.06
0.1
0.14
0.18
0.22
0.26
0.3
0.34
0.38
0.42
0.46
0.5
0.54
0.58
0.62
0.66
0.7
0.74
0.78
0.82
0.86
0.9
0.94
0.98
1.02
1.06
1.1
1.14
1.18
1.22
1.26
1.3
1.34
1.38
1.42
1.46
1.5
1.54
1.58
1.62
1.66
1.7
1.74
1.78
1.82
1.86
1.9
1.94
1.98
0.02
0.06
0.1
0.14
0.18
0.22
0.26
0.3
0.34
0.38
0.42
0.46
0.5
0.54
0.58
0.62
0.66
0.7
0.74
0.78
0.82
0.86
0.9
0.94
0.98
1.02
1.06
1.1
1.14
1.18
1.22
1.26
1.3
1.34
1.38
1.42
1.46
1.5
1.54
1.58
1.62
1.66
1.7
1.74
1.78
1.82
1.86
1.9
1.94
1.98
0.02
0.06
0.1
0.14
0.18
0.22
0.26
0.3
0.34
0.38
0.42
0.46
0.5
0.54
0.58
0.62
0.66
0.7
0.74
0.78
0.82
0.86
0.9
0.94
0.98
1.02
1.06
1.1
1.14
1.18
1.22
1.26
1.3
1.34
1.38
1.42
1.46
1.5
1.54
1.58
1.62
1.66
1.7
1.74
1.78
1.82
1.86
1.9
1.94
1.98
0.02
0.06
0.1
0.14
0.18
0.22
0.26
0.3
0.34
0.38
0.42
0.46
0.5
0.54
0.58
0.62
0.66
0.7
0.74
0.78
0.82
0.86
0.9
0.94
0.98
1.02
1.06
1.1
1.14
1.18
1.22
1.26
1.3
1.34
1.38
1.42
1.46
1.5
1.54
1.58
1.62
1.66
1.7
1.74
1.78
1.82
1.86
1.9
1.94
1.98
0.02
0.06
0.1
0.14
0.18
0.22
0.26
0.3
0.34
0.38
0.42
0.46
0.5
0.54
0.58
0.62
0.66
0.7
0.74
0.78
0.82
0.86
0.9
0.94
0.98
1.02
1.06
1.1
1.14
1.18
1.22
1.26
1.3
1.34
1.38
1.42
1.46
1.5
1.54
1.58
1.62
1.66
1.7
1.74
1.78
1.82
1.86
1.9
1.94
1.98
0.02
0.06
0.1
0.14
0.18
0.22
0.26
0.3
0.34
0.38
0.42
0.46
0.5
0.54
0.58
0.62
0.66
0.7
0.74
0.78
0.82
0.86
0.9
0.94
0.98
1.02
1.06
1.1
1.14
1.18
1.22
1.26
1.3
1.34
1.38
1.42
1.46
1.5
1.54
1.58
1.62
1.66
1.7
1.74
1.78
1.82
1.86
1.9
1.94
1.98
0.02
0.06
0.1
0.14
0.18
0.22
0.26
0.3
0.34
0.38
0.42
0.46
0.5
0.54
0.58
0.62
0.66
0.7
0.74
0.78
0.82
0.86
0.9
0.94
0.98
1.02
1.06
1.1
1.14
1.18
1.22
1.26
1.3
1.34
1.38
1.42
1.46
1.5
1.54
1.58
1.62
1.66
1.7
1.74
1.78
1.82
1.86
1.9
1.94
1.98
0.02
0.06
0.1
0.14
0.18
0.22
0.26
0.3
0.34
0.38
0.42
0.46
0.5
0.54
0.58
0.62
0.66
0.7
0.74
0.78
0.82
0.86
0.9
0.94
0.98
1.02
1.06
1.1
1.14
1.18
1.22
1.26
1.3
1.34
1.38
1.42
1.46
1.5
1.54
1.58
1.62
1.66
1.7
1.74
1.78
1.82
1.86
1.9
1.94
1.98
0.02
0.06
0.1
0.14
0.18
0.22
0.26
0.3
0.34
0.38
0.42
0.46
0.5
0.54
0.58
0.62
0.66
0.7
0.74
0.78
0.82
0.86
0.9
0.94
0.98
1.02
1.06
1.1
1.14
1.18
1.22
1.26
1.3
1.34
1.38
1.42
1.46
1.5
1.54
1.58
1.62
1.66
1.7
1.74
1.78
1.82
1.86
1.9
1.94
1.98
0.02
0.06
0.1
0.14
0.18
0.22
0.26
0.3
0.34
0.38
0.42
0.46
0.5
0.54
0.58
0.62
0.66
0.7
0.74
0.78
0.82
0.86
0.9
0.94
0.98
1.02
1.06
1.1
1.14
1.18
1.22
1.26
1.3
1.34
1.38
1.42
1.46
1.5
1.54
1.58
1.62
1.66
1.7
1.74
1.78
1.82
1.86
1.9
1.94
1.98
0.02
0.06
0.1
0.14
0.18
0.22
0.26
0.3
0.34
0.38
0.42
0.46
0.5
0.54
0.58
0.62
0.66
0.7
0.74
0.78
0.82
0.86
0.9
0.94
0.98
1.02
1.06
1.1
1.14
1.18
1.22
1.26
1.3
1.34
1.38
1.42
1.46
1.5
1.54
1.58
1.62
1.66
1.7
1.74
1.78
1.82
1.86
1.9
1.94
1.98
0.02
0.06
0.1
0.14
0.18
0.22
0.26
0.3
0.34
0.38
0.42
0.46
0.5
0.54
0.58
0.62
0.66
0.7
0.74
0.78
0.82
0.86
0.9
0.94
0.98
1.02
1.06
1.1
1.14
1.18
1.22
1.26
1.3
1.34
1.38
1.42
1.46
1.5
1.54
1.58
1.62
1.66
1.7
1.74
1.78
1.82
1.86
1.9
1.94
1.98
0.02
0.06
0.1
0.14
0.18
0.22
0.26
0.3
0.34
0.38
0.42
0.46
0.5
0.54
0.58
0.62
0.66
0.7
0.74
0.78
0.82
0.86
0.9
0.94
0.98
1.02
1.06
1.1
1.14
1.18
1.22
1.26
1.3
1.34
1.38
1.42
1.46
1.5
1.54
1.58
1.62
1.66
1.7
1.74
1.78
1.82
1.86
1.9
1.94
1.98
0.02
0.06
0.1
0.14
0.18
0.22
0.26
0.3
0.34
0.38
0.42
0.46
0.5
0.54
0.58
0.62
0.66
0.7
0.74
0.78
0.82
0.86
0.9
0.94
0.98
1.02
1.06
1.1
1.14
1.18
1.22
1.26
1.3
1.34
1.38
1.42
1.46
1.5
1.54
1.58
1.62
1.66
1.7
1.74
1.78
1.82
1.86
1.9
1.94
1.98
0.02
0.06
0.1
0.14
0.18
0.22
0.26
0.3
0.34
0.38
0.42
0.46
0.5
0.54
0.58
0.62
0.66
0.7
0.74
0.78
0.82
0.86
0.9
0.94
0.98
1.02
1.06
1.1
1.14
1.18
1.22
1.26
1.3
1.34
1.38
1.42
1.46
1.5
1.54
1.58
1.62
1.66
1.7
1.74
1.78
1.82
1.86
1.9
1.94
1.98
0.02
0.06
0.1
0.14
0.18
0.22
0.26
0.3
0.34
0.38
0.42
0.46
0.5
0.54
0.58
0.62
0.66
0.7
0.74
0.78
0.82
0.86
0.9
0.94
0.98
1.02
1.06
1.1
1.14
1.18
1.22
1.26
1.3
1.34
1.38
1.42
1.46
1.5
1.54
1.58
1.62
1.66
1.7
1.74
1.78
1.82
1.86
1.9
1.94
1.98
0.02
0.06
0.1
0.14
0.18
0.22
0.26
0.3
0.34
0.38
0.42
0.46
0.5
0.54
0.58
0.62
0.66
0.7
0.74
0.78
0.82
0.86
0.9
0.94
0.98
1.02
1.06
1.1
1.14
1.18
1.22
1.26
1.3
1.34
1.38
1.42
1.46
1.5
1.54
1.58
1.62
1.66
1.7
1.74
1.78
1.82
1.86
1.9
1.94
1.98
0.02
0.06
0.1
0.14
0.18
0.22
0.26
0.3
0.34
0.38
0.42
0.46
0.5
0.54
0.58
0.62
0.66
0.7
0.74
0.78
0.82
0.86
0.9
0.94
0.98
1.02
1.06
1.1
1.14
1.18
1.22
1.26
1.3
1.34
1.38
1.42
1.46
1.5
1.54
1.58
1.62
1.66
1.7
1.74
1.78
1.82
1.86
1.9
1.94
1.98
0.02
0.06
0.1
0.14
0.18
0.22
0.26
0.3
0.34
0.38
0.42
0.46
0.5
0.54
0.58
0.62
0.66
0.7
0.74
0.78
0.82
0.86
0.9
0.94
0.98
1.02
1.06
1.1
1.14
1.18
1.22
1.26
1.3
1.34
1.38
1.42
1.46
1.5
1.54
1.58
1.62
1.66
1.7
1.74
1.78
1.82
1.86
1.9
1.94
1.98
0.02
0.06
0.1
0.14
0.18
0.22
0.26
0.3
0.34
0.38
0.42
0.46
0.5
0.54
0.58
0.62
0.66
0.7
0.74
0.78
0.82
0.86
0.9
0.94
0.98
1.02
1.06
1.1
1.14
1.18
1.22
1.26
1.3
1.34
1.38
1.42
1.46
1.5
1.54
1.58
1.62
1.66
1.7
1.74
1.78
1.82
1.86
1.9
1.94
1.98
0.02
0.06
0.1
0.14
0.18
0.22
0.26
0.3
0.34
0.38
0.42
0.46
0.5
0.54
0.58
0.62
0.66
0.7
0.74
0.78
0.82
0.86
0.9
0.94
0.98
1.02
1.06
1.1
1.14
1.18
1.22
1.26
1.3
1.34
1.38
1.42
1.46
1.5
1.54
1.58
1.62
1.66
1.7
1.74
1.78
1.82
1.86
1.9
1.94
1.98
0.02
0.06
0.1
0.14
0.18
0.22
0.26
0.3
0.34
0.38
0.42
0.46
0.5
0.54
0.58
0.62
0.66
0.7
0.74
0.78
0.82
0.86
0.9
0.94
0.98
1.02
1.06
1.1
1.14
1.18
1.22
1.26
1.3
1.34
1.38
1.42
1.46
1.5
1.54
1.58
1.62
1.66
1.7
1.74
1.78
1.82
1.86
1.9
1.94
1.98
0.02
0.06
0.1
0.14
0.18
0.22
0.26
0.3
0.34
0.38
0.42
0.46
0.5
0.54
0.58
0.62
0.66
0.7
0.74
0.78
0.82
0.86
0.9
0.94
0.98
1.02
1.06
1.1
1.14
1.18
1.22
1.26
1.3
1.34
1.38
1.42
1.46
1.5
1.54
1.58
1.62
1.66
1.7
1.74
1.78
1.82
1.86
1.9
1.94
1.98
0.02
0.06
0.1
0.14
0.18
0.22
0.26
0.3
0.34
0.38
0.42
0.46
0.5
0.54
0.58
0.62
0.66
0.7
0.74
0.78
0.82
0.86
0.9
0.94
0.98
1.02
1.06
1.1
1.14
1.18
1.22
1.26
1.3
1.34
1.38
1.42
1.46
1.5
1.54
1.58
1.62
1.66
1.7
1.74
1.78
1.82
1.86
1.9
1.94
1.98
0.02
0.06
0.1
0.14
0.18
0.22
0.26
0.3
0.34
0.38
0.42
0.46
0.5
0.54
0.58
0.62
0.66
0.7
0.74
0.78
0.82
0.86
0.9
0.94
0.98
1.02
1.06
1.1
1.14
1.18
1.22
1.26
1.3
1.34
1.38
1.42
1.46
1.5
1.54
1.58
1.62
1.66
1.7
1.74
1.78
1.82
1.86
1.9
1.94
1.98
0.02
0.06
0.1
0.14
0.18
0.22
0.26
0.3
0.34
0.38
0.42
0.46
0.5
0.54
0.58
0.62
0.66
0.7
0.74
0.78
0.82
0.86
0.9
0.94
0.98
1.02
1.06
1.1
1.14
1.18
1.22
1.26
1.3
1.34
1.38
1.42
1.46
1.5
1.54
1.58
1.62
1.66
1.7
1.74
1.78
1.82
1.86
1.9
1.94
1.98
0.02
0.06
0.1
0.14
0.18
0.22
0.26
0.3
0.34
0.38
0.42
0.46
0.5
0.54
0.58
0.62
0.66
0.7
0.74
0.78
0.82
0.86
0.9
0.94
0.98
1.02
1.06
1.1
1.14
1.18
1.22
1.26
1.3
1.34
1.38
1.42
1.46
1.5
1.54
1.58
1.62
1.66
1.7
1.74
1.78
1.82
1.86
1.9
1.94
1.98
0.02
0.06
0.1
0.14
0.18
0.22
0.26
0.3
0.34
0.38
0.42
0.46
0.5
0.54
0.58
0.62
0.66
0.7
0.74
0.78
0.82
0.86
0.9
0.94
0.98
1.02
1.06
1.1
1.14
1.18
1.22
1.26
1.3
1.34
1.38
1.42
1.46
1.5
1.54
1.58
1.62
1.66
1.7
1.74
1.78
1.82
1.86
1.9
1.94
1.98
0.02
0.06
0.1
0.14
0.18
0.22
0.26
0.3
0.34
0.38
0.42
0.46
0.5
0.54
0.58
0.62
0.66
0.7
0.74
0.78
0.82
0.86
0.9
0.94
0.98
1.02
1.06
1.1
1.14
1.18
1.22
1.26
1.3
1.34
1.38
1.42
1.46
1.5
1.54
1.58
1.62
1.66
1.7
1.74
1.78
1.82
1.86
1.9
1.94
1.98
0.02
0.06
0.1
0.14
0.18
0.22
0.26
0.3
0.34
0.38
0.42
0.46
0.5
0.54
0.58
0.62
0.66
0.7
0.74
0.78
0.82
0.86
0.9
0.94
0.98
1.02
1.06
1.1
1.14
1.18
1.22
1.26
1.3
1.34
1.38
1.42
1.46
1.5
1.54
1.58
1.62
1.66
1.7
1.74
1.78
1.82
1.86
1.9
1.94
1.98
0.02
0.06
0.1
0.14
0.18
0.22
0.26
0.3
0.34
0.38
0.42
0.46
0.5
0.54
0.58
0.62
0.66
0.7
0.74
0.78
0.82
0.86
0.9
0.94
0.98
1.02
1.06
1.1
1.14
1.18
1.22
1.26
1.3
1.34
1.38
1.42
1.46
1.5
1.54
1.58
1.62
1.66
1.7
1.74
1.78
1.82
1.86
1.9
1.94
1.98
0.02
0.06
0.1
0.14
0.18
0.22
0.26
0.3
0.34
0.38
0.42
0.46
0.5
0.54
0.58
0.62
0.66
0.7
0.74
0.78
0.82
0.86
0.9
0.94
0.98
1.02
1.06
1.1
1.14
1.18
1.22
1.26
1.3
1.34
1.38
1.42
1.46
1.5
1.54
1.58
1.62
1.66
1.7
1.74
1.78
1.82
1.86
1.9
1.94
1.98
0.02
0.06
0.1
0.14
0.18
0.22
0.26
0.3
0.34
0.38
0.42
0.46
0.5
0.54
0.58
0.62
0.66
0.7
0.74
0.78
0.82
0.86
0.9
0.94
0.98
1.02
1.06
1.1
1.14
1.18
1.22
1.26
1.3
1.34
1.38
1.42
1.46
1.5
1.54
1.58
1.62
1.66
1.7
1.74
1.78
1.82
1.86
1.9
1.94
1.98
0.02
0.06
0.1
0.14
0.18
0.22
0.26
0.3
0.34
0.38
0.42
0.46
0.5
0.54
0.58
0.62
0.66
0.7
0.74
0.78
0.82
0.86
0.9
0.94
0.98
1.02
1.06
1.1
1.14
1.18
1.22
1.26
1.3
1.34
1.38
1.42
1.46
1.5
1.54
1.58
1.62
1.66
1.7
1.74
1.78
1.82
1.86
1.9
1.94
1.98
0.02
0.06
0.1
0.14
0.18
0.22
0.26
0.3
0.34
0.38
0.42
0.46
0.5
0.54
0.58
0.62
0.66
0.7
0.74
0.78
0.82
0.86
0.9
0.94
0.98
1.02
1.06
1.1
1.14
1.18
1.22
1.26
1.3
1.34
1.38
1.42
1.46
1.5
1.54
1.58
1.62
1.66
1.7
1.74
1.78
1.82
1.86
1.9
1.94
1.98
2.025
2.075
2.125
2.175
2.225
2.275
2.325
2.375
2.425
2.475
2.525
2.575
2.625
2.675
2.725
2.775
2.825
2.875
2.925
2.975
3.025
3.075
3.125
3.175
3.225
3.275
3.325
3.375
3.425
3.475
3.525
3.575
3.625
3.675
3.725
3.775
3.825
3.875
3.925
3.975
4.025
4.075
4.125
4.175
4.225
4.275
4.325
4.375
4.425
4.475
4.525
4.575
4.625
4.675
4.725
4.775
4.825
4.875
4.925
4.975
5.025
5.075
5.125
5.175
5.225
5.275
5.325
5.375
5.425
5.475
5.525
5.575
5.625
5.675
5.725
5.775
5.825
5.875
5.925
5.975
6.025
6.075
6.125
6.175
6.225
6.275
6.325
6.375
6.425
6.475
6.525
6.575
6.625
6.675
6.725
6.775
6.825
6.875
6.925
6.975
2.025
2.075
2.125
2.175
2.225
2.275
2.325
2.375
2.425
2.475
2.525
2.575
2.625
2.675
2.725
2.775
2.825
2.875
2.925
2.975
3.025
3.075
3.125
3.175
3.225
3.275
3.325
3.375
3.425
3.475
3.525
3.575
3.625
3.675
3.725
3.775
3.825
3.875
3.925
3.975
4.025
4.075
4.125
4.175
4.225
4.275
4.325
4.375
4.425
4.475
4.525
4.575
4.625
4.675
4.725
4.775
4.825
4.875
4.925
4.975
5.025
5.075
5.125
5.175
5.225
5.275
5.325
5.375
5.425
5.475
5.525
5.575
5.625
5.675
5.725
5.775
5.825
5.875
5.925
5.975
6.025
6.075
6.125
6.175
6.225
6.275
6.325
6.375
6.425
6.475
6.525
6.575
6.625
6.675
6.725
6.775
6.825
6.875
6.925
6.975
2.025
2.075
2.125
2.175
2.225
2.275
2.325
2.375
2.425
2.475
2.525
2.575
2.625
2.675
2.725
2.775
2.825
2.875
2.925
2.975
3.025
3.075
3.125
3.175
3.225
3.275
3.325
3.375
3.425
3.475
3.525
3.575
3.625
3.675
3.725
3.775
3.825
3.875
3.925
3.975
4.025
4.075
4.125
4.175
4.225
4.275
4.325
4.375
4.425
4.475
4.525
4.575
4.625
4.675
4.725
4.775
4.825
4.875
4.925
4.975
5.025
5.075
5.125
5.175
5.225
5.275
5.325
5.375
5.425
5.475
5.525
5.575
5.625
5.675
5.725
5.775
5.825
5.875
5.925
5.975
6.025
6.075
6.125
6.175
6.225
6.275
6.325
6.375
6.425
6.475
6.525
6.575
6.625
6.675
6.725
6.775
6.825
6.875
6.925
6.975
2.025
2.075
2.125
2.175
2.225
2.275
2.325
2.375
2.425
2.475
2.525
2.575
2.625
2.675
2.725
2.775
2.825
2.875
2.925
2.975
3.025
3.075
3.125
3.175
3.225
3.275
3.325
3.375
3.425
3.475
3.525
3.575
3.625
3.675
3.725
3.775
3.825
3.875
3.925
3.975
4.025
4.075
4.125
4.175
4.225
4.275
4.325
4.375
4.425
4.475
4.525
4.575
4.625
4.675
4.725
4.775
4.825
4.875
4.925
4.975
5.025
5.075
5.125
5.175
5.225
5.275
5.325
5.375
5.425
5.475
5.525
5.575
5.625
5.675
5.725
5.775
5.825
5.875
5.925
5.975
6.025
6.075
6.125
6.175
6.225
6.275
6.325
6.375
6.425
6.475
6.525
6.575
6.625
6.675
6.725
6.775
6.825
6.875
6.925
6.975
2.025
2.075
2.125
2.175
2.225
2.275
2.325
2.375
2.425
2.475
2.525
2.575
2.625
2.675
2.725
2.775
2.825
2.875
2.925
2.975
3.025
3.075
3.125
3.175
3.225
3.275
3.325
3.375
3.425
3.475
3.525
3.575
3.625
3.675
3.725
3.775
3.825
3.875
3.925
3.975
4.025
4.075
4.125
4.175
4.225
4.275
4.325
4.375
4.425
4.475
4.525
4.575
4.625
4.675
4.725
4.775
4.825
4.875
4.925
4.975
5.025
5.075
5.125
5.175
5.225
5.275
5.325
5.375
5.425
5.475
5.525
5.575
5.625
5.675
5.725
5.775
5.825
5.875
5.925
5.975
6.025
6.075
6.125
6.175
6.225
6.275
6.325
6.375
6.425
6.475
6.525
6.575
6.625
6.675
6.725
6.775
6.825
6.875
6.925
6.975
2.025
2.075
2.125
2.175
2.225
2.275
2.325
2.375
2.425
2.475
2.525
2.575
2.625
2.675
2.725
2.775
2.825
2.875
2.925
2.975
3.025
3.075
3.125
3.175
3.225
3.275
3.325
3.375
3.425
3.475
3.525
3.575
3.625
3.675
3.725
3.775
3.825
3.875
3.925
3.975
4.025
4.075
4.125
4.175
4.225
4.275
4.325
4.375
4.425
4.475
4.525
4.575
4.625
4.675
4.725
4.775
4.825
4.875
4.925
4.975
5.025
5.075
5.125
5.175
5.225
5.275
5.325
5.375
5.425
5.475
5.525
5.575
5.625
5.675
5.725
5.775
5.825
5.875
5.925
5.975
6.025
6.075
6.125
6.175
6.225
6.275
6.325
6.375
6.425
6.475
6.525
6.575
6.625
6.675
6.725
6.775
6.825
6.875
6.925
6.975
2.025
2.075
2.125
2.175
2.225
2.275
2.325
2.375
2.425
2.475
2.525
2.575
2.625
2.675
2.725
2.775
2.825
2.875
2.925
2.975
3.025
3.075
3.125
3.175
3.225
3.275
3.325
3.375
3.425
3.475
3.525
3.575
3.625
3.675
3.725
3.775
3.825
3.875
3.925
3.975
4.025
4.075
4.125
4.175
4.225
4.275
4.325
4.375
4.425
4.475
4.525
4.575
4.625
4.675
4.725
4.775
4.825
4.875
4.925
4.975
5.025
5.075
5.125
5.175
5.225
5.275
5.325
5.375
5.425
5.475
5.525
5.575
5.625
5.675
5.725
5.775
5.825
5.875
5.925
5.975
6.025
6.075
6.125
6.175
6.225
6.275
6.325
6.375
6.425
6.475
6.525
6.575
6.625
6.675
6.725
6.775
6.825
6.875
6.925
6.975
2.025
2.075
2.125
2.175
2.225
2.275
2.325
2.375
2.425
2.475
2.525
2.575
2.625
2.675
2.725
2.775
2.825
2.875
2.925
2.975
3.025
3.075
3.125
3.175
3.225
3.275
3.325
3.375
3.425
3.475
3.525
3.575
3.625
3.675
3.725
3.775
3.825
3.875
3.925
3.975
4.025
4.075
4.125
4.175
4.225
4.275
4.325
4.375
4.425
4.475
4.525
4.575
4.625
4.675
4.725
4.775
4.825
4.875
4.925
4.975
5.025
5.075
5.125
5.175
5.225
5.275
5.325
5.375
5.425
5.475
5.525
5.575
5.625
5.675
5.725
5.775
5.825
5.875
5.925
5.975
6.025
6.075
6.125
6.175
6.225
6.275
6.325
6.375
6.425
6.475
6.525
6.575
6.625
6.675
6.725
6.775
6.825
6.875
6.925
6.975
2.025
2.075
2.125
2.175
2.225
2.275
2.325
2.375
2.425
2.475
2.525
2.575
2.625
2.675
2.725
2.775
2.825
2.875
2.925
2.975
3.025
3.075
3.125
3.175
3.225
3.275
3.325
3.375
3.425
3.475
3.525
3.575
3.625
3.675
3.725
3.775
3.825
3.875
3.925
3.975
4.025
4.075
4.125
4.175
4.225
4.275
4.325
4.375
4.425
4.475
4.525
4.575
4.625
4.675
4.725
4.775
4.825
4.875
4.925
4.975
5.025
5.075
5.125
5.175
5.225
5.275
5.325
5.375
5.425
5.475
5.525
5.575
5.625
5.675
5.725
5.775
5.825
5.875
5.925
5.975
6.025
6.075
6.125
6.175
6.225
6.275
6.325
6.375
6.425
6.475
6.525
6.575
6.625
6.675
6.725
6.775
6.825
6.875
6.925
6.975
2.025
2.075
2.125
2.175
2.225
2.275
2.325
2.375
2.425
2.475
2.525
2.575
2.625
2.675
2.725
2.775
2.825
2.875
2.925
2.975
3.025
3.075
3.125
3.175
3.225
3.275
3.325
3.375
3.425
3.475
3.525
3.575
3.625
3.675
3.725
3.775
3.825
3.875
3.925
3.975
4.025
4.075
4.125
4.175
4.225
4.275
4.325
4.375
4.425
4.475
4.525
4.575
4.625
4.675
4.725
4.775
4.825
4.875
4.925
4.975
5.025
5.075
5.125
5.175
5.225
5.275
5.325
5.375
5.425
5.475
5.525
5.575
5.625
5.675
5.725
5.775
5.825
5.875
5.925
5.975
6.025
6.075
6.125
6.175
6.225
6.275
6.325
6.375
6.425
6.475
6.525
6.575
6.625
6.675
6.725
6.775
6.825
6.875
6.925
6.975
2.025
2.075
2.125
2.175
2.225
2.275
2.325
2.375
2.425
2.475
2.525
2.575
2.625
2.675
2.725
2.775
2.825
2.875
2.925
2.975
3.025
3.075
3.125
3.175
3.225
3.275
3.325
3.375
3.425
3.475
3.525
3.575
3.625
3.675
3.725
3.775
3.825
3.875
3.925
3.975
4.025
4.075
4.125
4.175
4.225
4.275
4.325
4.375
4.425
4.475
4.525
4.575
4.625
4.675
4.725
4.775
4.825
4.875
4.925
4.975
5.025
5.075
5.125
5.175
5.225
5.275
5.325
5.375
5.425
5.475
5.525
5.575
5.625
5.675
5.725
5.775
5.825
5.875
5.925
5.975
6.025
6.075
6.125
6.175
6.225
6.275
6.325
6.375
6.425
6.475
6.525
6.575
6.625
6.675
6.725
6.775
6.825
6.875
6.925
6.975
2.025
2.075
2.125
2.175
2.225
2.275
2.325
2.375
2.425
2.475
2.525
2.575
2.625
2.675
2.725
2.775
2.825
2.875
2.925
2.975
3.025
3.075
3.125
3.175
3.225
3.275
3.325
3.375
3.425
3.475
3.525
3.575
3.625
3.675
3.725
3.775
3.825
3.875
3.925
3.975
4.025
4.075
4.125
4.175
4.225
4.275
4.325
4.375
4.425
4.475
4.525
4.575
4.625
4.675
4.725
4.775
4.825
4.875
4.925
4.975
5.025
5.075
5.125
5.175
5.225
5.275
5.325
5.375
5.425
5.475
5.525
5.575
5.625
5.675
5.725
5.775
5.825
5.875
5.925
5.975
6.025
6.075
6.125
6.175
6.225
6.275
6.325
6.375
6.425
6.475
6.525
6.575
6.625
6.675
6.725
6.775
6.825
6.875
6.925
6.975
2.025
2.075
2.125
2.175
2.225
2.275
2.325
2.375
2.425
2.475
2.525
2.575
2.625
2.675
2.725
2.775
2.825
2.875
2.925
2.975
3.025
3.075
3.125
3.175
3.225
3.275
3.325
3.375
3.425
3.475
3.525
3.575
3.625
3.675
3.725
3.775
3.825
3.875
3.925
3.975
4.025
4.075
4.125
4.175
4.225
4.275
4.325
4.375
4.425
4.475
4.525
4.575
4.625
4.675
4.725
4.775
4.825
4.875
4.925
4.975
5.025
5.075
5.125
5.175
5.225
5.275
5.325
5.375
5.425
5.475
5.525
5.575
5.625
5.675
5.725
5.775
5.825
5.875
5.925
5.975
6.025
6.075
6.125
6.175
6.225
6.275
6.325
6.375
6.425
6.475
6.525
6.575
6.625
6.675
6.725
6.775
6.825
6.875
6.925
6.975
2.025
2.075
2.125
2.175
2.225
2.275
2.325
2.375
2.425
2.475
2.525
2.575
2.625
2.675
2.725
2.775
2.825
2.875
2.925
2.975
3.025
3.075
3.125
3.175
3.225
3.275
3.325
3.375
3.425
3.475
3.525
3.575
3.625
3.675
3.725
3.775
3.825
3.875
3.925
3.975
4.025
4.075
4.125
4.175
4.225
4.275
4.325
4.375
4.425
4.475
4.525
4.575
4.625
4.675
4.725
4.775
4.825
4.875
4.925
4.975
5.025
5.075
5.125
5.175
5.225
5.275
5.325
5.375
5.425
5.475
5.525
5.575
5.625
5.675
5.725
5.775
5.825
5.875
5.925
5.975
6.025
6.075
6.125
6.175
6.225
6.275
6.325
6.375
6.425
6.475
6.525
6.575
6.625
6.675
6.725
6.775
6.825
6.875
6.925
6.975
2.025
2.075
2.125
2.175
2.225
2.275
2.325
2.375
2.425
2.475
2.525
2.575
2.625
2.675
2.725
2.775
2.825
2.875
2.925
2.975
3.025
3.075
3.125
3.175
3.225
3.275
3.325
3.375
3.425
3.475
3.525
3.575
3.625
3.675
3.725
3.775
3.825
3.875
3.925
3.975
4.025
4.075
4.125
4.175
4.225
4.275
4.325
4.375
4.425
4.475
4.525
4.575
4.625
4.675
4.725
4.775
4.825
4.875
4.925
4.975
5.025
5.075
5.125
5.175
5.225
5.275
5.325
5.375
5.425
5.475
5.525
5.575
5.625
5.675
5.725
5.775
5.825
5.875
5.925
5.975
6.025
6.075
6.125
6.175
6.225
6.275
6.325
6.375
6.425
6.475
6.525
6.575
6.625
6.675
6.725
6.775
6.825
6.875
6.925
6.975
2.025
2.075
2.125
2.175
2.225
2.275
2.325
2.375
2.425
2.475
2.525
2.575
2.625
2.675
2.725
2.775
2.825
2.875
2.925
2.975
3.025
3.075
3.125
3.175
3.225
3.275
3.325
3.375
3.425
3.475
3.525
3.575
3.625
3.675
3.725
3.775
3.825
3.875
3.925
3.975
4.025
4.075
4.125
4.175
4.225
4.275
4.325
4.375
4.425
4.475
4.525
4.575
4.625
4.675
4.725
4.775
4.825
4.875
4.925
4.975
5.025
5.075
5.125
5.175
5.225
5.275
5.325
5.375
5.425
5.475
5.525
5.575
5.625
5.675
5.725
5.775
5.825
5.875
5.925
5.975
6.025
6.075
6.125
6.175
6.225
6.275
6.325
6.375
6.425
6.475
6.525
6.575
6.625
6.675
6.725
6.775
6.825
6.875
6.925
6.975
2.025
2.075
2.125
2.175
2.225
2.275
2.325
2.375
2.425
2.475
2.525
2.575
2.625
2.675
2.725
2.775
2.825
2.875
2.925
2.975
3.025
3.075
3.125
3.175
3.225
3.275
3.325
3.375
3.425
3.475
3.525
3.575
3.625
3.675
3.725
3.775
3.825
3.875
3.925
3.975
4.025
4.075
4.125
4.175
4.225
4.275
4.325
4.375
4.425
4.475
4.525
4.575
4.625
4.675
4.725
4.775
4.825
4.875
4.925
4.975
5.025
5.075
5.125
5.175
5.225
5.275
5.325
5.375
5.425
5.475
5.525
5.575
5.625
5.675
5.725
5.775
5.825
5.875
5.925
5.975
6.025
6.075
6.125
6.175
6.225
6.275
6.325
6.375
6.425
6.475
6.525
6.575
6.625
6.675
6.725
6.775
6.825
6.875
6.925
6.975
2.025
2.075
2.125
2.175
2.225
2.275
2.325
2.375
2.425
2.475
2.525
2.575
2.625
2.675
2.725
2.775
2.825
2.875
2.925
2.975
3.025
3.075
3.125
3.175
3.225
3.275
3.325
3.375
3.425
3.475
3.525
3.575
3.625
3.675
3.725
3.775
3.825
3.875
3.925
3.975
4.025
4.075
4.125
4.175
4.225
4.275
4.325
4.375
4.425
4.475
4.525
4.575
4.625
4.675
4.725
4.775
4.825
4.875
4.925
4.975
5.025
5.075
5.125
5.175
5.225
5.275
5.325
5.375
5.425
5.475
5.525
5.575
5.625
5.675
5.725
5.775
5.825
5.875
5.925
5.975
6.025
6.075
6.125
6.175
6.225
6.275
6.325
6.375
6.425
6.475
6.525
6.575
6.625
6.675
6.725
6.775
6.825
6.875
6.925
6.975
2.025
2.075
2.125
2.175
2.225
2.275
2.325
2.375
2.425
2.475
2.525
2.575
2.625
2.675
2.725
2.775
2.825
2.875
2.925
2.975
3.025
3.075
3.125
3.175
3.225
3.275
3.325
3.375
3.425
3.475
3.525
3.575
3.625
3.675
3.725
3.775
3.825
3.875
3.925
3.975
4.025
4.075
4.125
4.175
4.225
4.275
4.325
4.375
4.425
4.475
4.525
4.575
4.625
4.675
4.725
4.775
4.825
4.875
4.925
4.975
5.025
5.075
5.125
5.175
5.225
5.275
5.325
5.375
5.425
5.475
5.525
5.575
5.625
5.675
5.725
5.775
5.825
5.875
5.925
5.975
6.025
6.075
6.125
6.175
6.225
6.275
6.325
6.375
6.425
6.475
6.525
6.575
6.625
6.675
6.725
6.775
6.825
6.875
6.925
6.975
2.025
2.075
2.125
2.175
2.225
2.275
2.325
2.375
2.425
2.475
2.525
2.575
2.625
2.675
2.725
2.775
2.825
2.875
2.925
2.975
3.025
3.075
3.125
3.175
3.225
3.275
3.325
3.375
3.425
3.475
3.525
3.575
3.625
3.675
3.725
3.775
3.825
3.875
3.925
3.975
4.025
4.075
4.125
4.175
4.225
4.275
4.325
4.375
4.425
4.475
4.525
4.575
4.625
4.675
4.725
4.775
4.825
4.875
4.925
4.975
5.025
5.075
5.125
5.175
5.225
5.275
5.325
5.375
5.425
5.475
5.525
5.575
5.625
5.675
5.725
5.775
5.825
5.875
5.925
5.975
6.025
6.075
6.125
6.175
6.225
6.275
6.325
6.375
6.425
6.475
6.525
6.575
6.625
6.675
6.725
6.775
6.825
6.875
6.925
6.975
2.025
2.075
2.125
2.175
2.225
2.275
2.325
2.375
2.425
2.475
2.525
2.575
2.625
2.675
2.725
2.775
2.825
2.875
2.925
2.975
3.025
3.075
3.125
3.175
3.225
3.275
3.325
3.375
3.425
3.475
3.525
3.575
3.625
3.675
3.725
3.775
3.825
3.875
3.925
3.975
4.025
4.075
4.125
4.175
4.225
4.275
4.325
4.375
4.425
4.475
4.525
4.575
4.625
4.675
4.725
4.775
4.825
4.875
4.925
4.975
5.025
5.075
5.125
5.175
5.225
5.275
5.325
5.375
5.425
5.475
5.525
5.575
5.625
5.675
5.725
5.775
5.825
5.875
5.925
5.975
6.025
6.075
6.125
6.175
6.225
6.275
6.325
6.375
6.425
6.475
6.525
6.575
6.625
6.675
6.725
6.775
6.825
6.875
6.925
6.975
2.025
2.075
2.125
2.175
2.225
2.275
2.325
2.375
2.425
2.475
2.525
2.575
2.625
2.675
2.725
2.775
2.825
2.875
2.925
2.975
3.025
3.075
3.125
3.175
3.225
3.275
3.325
3.375
3.425
3.475
3.525
3.575
3.625
3.675
3.725
3.775
3.825
3.875
3.925
3.975
4.025
4.075
4.125
4.175
4.225
4.275
4.325
4.375
4.425
4.475
4.525
4.575
4.625
4.675
4.725
4.775
4.825
4.875
4.925
4.975
5.025
5.075
5.125
5.175
5.225
5.275
5.325
5.375
5.425
5.475
5.525
5.575
5.625
5.675
5.725
5.775
5.825
5.875
5.925
5.975
6.025
6.075
6.125
6.175
6.225
6.275
6.325
6.375
6.425
6.475
6.525
6.575
6.625
6.675
6.725
6.775
6.825
6.875
6.925
6.975
2.025
2.075
2.125
2.175
2.225
2.275
2.325
2.375
2.425
2.475
2.525
2.575
2.625
2.675
2.725
2.775
2.825
2.875
2.925
2.975
3.025
3.075
3.125
3.175
3.225
3.275
3.325
3.375
3.425
3.475
3.525
3.575
3.625
3.675
3.725
3.775
3.825
3.875
3.925
3.975
4.025
4.075
4.125
4.175
4.225
4.275
4.325
4.375
4.425
4.475
4.525
4.575
4.625
4.675
4.725
4.775
4.825
4.875
4.925
4.975
5.025
5.075
5.125
5.175
5.225
5.275
5.325
5.375
5.425
5.475
5.525
5.575
5.625
5.675
5.725
5.775
5.825
5.875
5.925
5.975
6.025
6.075
6.125
6.175
6.225
6.275
6.325
6.375
6.425
6.475
6.525
6.575
6.625
6.675
6.725
6.775
6.825
6.875
6.925
6.975
2.025
2.075
2.125
2.175
2.225
2.275
2.325
2.375
2.425
2.475
2.525
2.575
2.625
2.675
2.725
2.775
2.825
2.875
2.925
2.975
3.025
3.075
3.125
3.175
3.225
3.275
3.325
3.375
3.425
3.475
3.525
3.575
3.625
3.675
3.725
3.775
3.825
3.875
3.925
3.975
4.025
4.075
4.125
4.175
4.225
4.275
4.325
4.375
4.425
4.475
4.525
4.575
4.625
4.675
4.725
4.775
4.825
4.875
4.925
4.975
5.025
5.075
5.125
5.175
5.225
5.275
5.325
5.375
5.425
5.475
5.525
5.575
5.625
5.675
5.725
5.775
5.825
5.875
5.925
5.975
6.025
6.075
6.125
6.175
6.225
6.275
6.325
6.375
6.425
6.475
6.525
6.575
6.625
6.675
6.725
6.775
6.825
6.875
6.925
6.975
2.025
2.075
2.125
2.175
2.225
2.275
2.325
2.375
2.425
2.475
2.525
2.575
2.625
2.675
2.725
2.775
2.825
2.875
2.925
2.975
3.025
3.075
3.125
3.175
3.225
3.275
3.325
3.375
3.425
3.475
3.525
3.575
3.625
3.675
3.725
3.775
3.825
3.875
3.925
3.975
4.025
4.075
4.125
4.175
4.225
4.275
4.325
4.375
4.425
4.475
4.525
4.575
4.625
4.675
4.725
4.775
4.825
4.875
4.925
4.975
5.025
5.075
5.125
5.175
5.225
5.275
5.325
5.375
5.425
5.475
5.525
5.575
5.625
5.675
5.725
5.775
5.825
5.875
5.925
5.975
6.025
6.075
6.125
6.175
6.225
6.275
6.325
6.375
6.425
6.475
6.525
6.575
6.625
6.675
6.725
6.775
6.825
6.875
6.925
6.975
2.025
2.075
2.125
2.175
2.225
2.275
2.325
2.375
2.425
2.475
2.525
2.575
2.625
2.675
2.725
2.775
2.825
2.875
2.925
2.975
3.025
3.075
3.125
3.175
3.225
3.275
3.325
3.375
3.425
3.475
3.525
3.575
3.625
3.675
3.725
3.775
3.825
3.875
3.925
3.975
4.025
4.075
4.125
4.175
4.225
4.275
4.325
4.375
4.425
4.475
4.525
4.575
4.625
4.675
4.725
4.775
4.825
4.875
4.925
4.975
5.025
5.075
5.125
5.175
5.225
5.275
5.325
5.375
5.425
5.475
5.525
5.575
5.625
5.675
5.725
5.775
5.825
5.875
5.925
5.975
6.025
6.075
6.125
6.175
6.225
6.275
6.325
6.375
6.425
6.475
6.525
6.575
6.625
6.675
6.725
6.775
6.825
6.875
6.925
6.975
2.025
2.075
2.125
2.175
2.225
2.275
2.325
2.375
2.425
2.475
2.525
2.575
2.625
2.675
2.725
2.775
2.825
2.875
2.925
2.975
3.025
3.075
3.125
3.175
3.225
3.275
3.325
3.375
3.425
3.475
3.525
3.575
3.625
3.675
3.725
3.775
3.825
3.875
3.925
3.975
4.025
4.075
4.125
4.175
4.225
4.275
4.325
4.375
4.425
4.475
4.525
4.575
4.625
4.675
4.725
4.775
4.825
4.875
4.925
4.975
5.025
5.075
5.125
5.175
5.225
5.275
5.325
5.375
5.425
5.475
5.525
5.575
5.625
5.675
5.725
5.775
5.825
5.875
5.925
5.975
6.025
6.075
6.125
6.175
6.225
6.275
6.325
6.375
6.425
6.475
6.525
6.575
6.625
6.675
6.725
6.775
6.825
6.875
6.925
6.975
2.025
2.075
2.125
2.175
2.225
2.275
2.325
2.375
2.425
2.475
2.525
2.575
2.625
2.675
2.725
2.775
2.825
2.875
2.925
2.975
3.025
3.075
3.125
3.175
3.225
3.275
3.325
3.375
3.425
3.475
3.525
3.575
3.625
3.675
3.725
3.775
3.825
3.875
3.925
3.975
4.025
4.075
4.125
4.175
4.225
4.275
4.325
4.375
4.425
4.475
4.525
4.575
4.625
4.675
4.725
4.775
4.825
4.875
4.925
4.975
5.025
5.075
5.125
5.175
5.225
5.275
5.325
5.375
5.425
5.475
5.525
5.575
5.625
5.675
5.725
5.775
5.825
5.875
5.925
5.975
6.025
6.075
6.125
6.175
6.225
6.275
6.325
6.375
6.425
6.475
6.525
6.575
6.625
6.675
6.725
6.775
6.825
6.875
6.925
6.975
2.025
2.075
2.125
2.175
2.225
2.275
2.325
2.375
2.425
2.475
2.525
2.575
2.625
2.675
2.725
2.775
2.825
2.875
2.925
2.975
3.025
3.075
3.125
3.175
3.225
3.275
3.325
3.375
3.425
3.475
3.525
3.575
3.625
3.675
3.725
3.775
3.825
3.875
3.925
3.975
4.025
4.075
4.125
4.175
4.225
4.275
4.325
4.375
4.425
4.475
4.525
4.575
4.625
4.675
4.725
4.775
4.825
4.875
4.925
4.975
5.025
5.075
5.125
5.175
5.225
5.275
5.325
5.375
5.425
5.475
5.525
5.575
5.625
5.675
5.725
5.775
5.825
5.875
5.925
5.975
6.025
6.075
6.125
6.175
6.225
6.275
6.325
6.375
6.425
6.475
6.525
6.575
6.625
6.675
6.725
6.775
6.825
6.875
6.925
6.975
2.025
2.075
2.125
2.175
2.225
2.275
2.325
2.375
2.425
2.475
2.525
2.575
2.625
2.675
2.725
2.775
2.825
2.875
2.925
2.975
3.025
3.075
3.125
3.175
3.225
3.275
3.325
3.375
3.425
3.475
3.525
3.575
3.625
3.675
3.725
3.775
3.825
3.875
3.925
3.975
4.025
4.075
4.125
4.175
4.225
4.275
4.325
4.375
4.425
4.475
4.525
4.575
4.625
4.675
4.725
4.775
4.825
4.875
4.925
4.975
5.025
5.075
5.125
5.175
5.225
5.275
5.325
5.375
5.425
5.475
5.525
5.575
5.625
5.675
5.725
5.775
5.825
5.875
5.925
5.975
6.025
6.075
6.125
6.175
6.225
6.275
6.325
6.375
6.425
6.475
6.525
6.575
6.625
6.675
6.725
6.775
6.825
6.875
6.925
6.975
2.025
2.075
2.125
2.175
2.225
2.275
2.325
2.375
2.425
2.475
2.525
2.575
2.625
2.675
2.725
2.775
2.825
2.875
2.925
2.975
3.025
3.075
3.125
3.175
3.225
3.275
3.325
3.375
3.425
3.475
3.525
3.575
3.625
3.675
3.725
3.775
3.825
3.875
3.925
3.975
4.025
4.075
4.125
4.175
4.225
4.275
4.325
4.375
4.425
4.475
4.525
4.575
4.625
4.675
4.725
4.775
4.825
4.875
4.925
4.975
5.025
5.075
5.125
5.175
5.225
5.275
5.325
5.375
5.425
5.475
5.525
5.575
5.625
5.675
5.725
5.775
5.825
5.875
5.925
5.975
6.025
6.075
6.125
6.175
6.225
6.275
6.325
6.375
6.425
6.475
6.525
6.575
6.625
6.675
6.725
6.775
6.825
6.875
6.925
6.975
2.025
2.075
2.125
2.175
2.225
2.275
2.325
2.375
2.425
2.475
2.525
2.575
2.625
2.675
2.725
2.775
2.825
2.875
2.925
2.975
3.025
3.075
3.125
3.175
3.225
3.275
3.325
3.375
3.425
3.475
3.525
3.575
3.625
3.675
3.725
3.775
3.825
3.875
3.925
3.975
4.025
4.075
4.125
4.175
4.225
4.275
4.325
4.375
4.425
4.475
4.525
4.575
4.625
4.675
4.725
4.775
4.825
4.875
4.925
4.975
5.025
5.075
5.125
5.175
5.225
5.275
5.325
5.375
5.425
5.475
5.525
5.575
5.625
5.675
5.725
5.775
5.825
5.875
5.925
5.975
6.025
6.075
6.125
6.175
6.225
6.275
6.325
6.375
6.425
6.475
6.525
6.575
6.625
6.675
6.725
6.775
6.825
6.875
6.925
6.975
2.025
2.075
2.125
2.175
2.225
2.275
2.325
2.375
2.425
2.475
2.525
2.575
2.625
2.675
2.725
2.775
2.825
2.875
2.925
2.975
3.025
3.075
3.125
3.175
3.225
3.275
3.325
3.375
3.425
3.475
3.525
3.575
3.625
3.675
3.725
3.775
3.825
3.875
3.925
3.975
4.025
4.075
4.125
4.175
4.225
4.275
4.325
4.375
4.425
4.475
4.525
4.575
4.625
4.675
4.725
4.775
4.825
4.875
4.925
4.975
5.025
5.075
5.125
5.175
5.225
5.275
5.325
5.375
5.425
5.475
5.525
5.575
5.625
5.675
5.725
5.775
5.825
5.875
5.925
5.975
6.025
6.075
6.125
6.175
6.225
6.275
6.325
6.375
6.425
6.475
6.525
6.575
6.625
6.675
6.725
6.775
6.825
6.875
6.925
6.975
2.025
2.075
2.125
2.175
2.225
2.275
2.325
2.375
2.425
2.475
2.525
2.575
2.625
2.675
2.725
2.775
2.825
2.875
2.925
2.975
3.025
3.075
3.125
3.175
3.225
3.275
3.325
3.375
3.425
3.475
3.525
3.575
3.625
3.675
3.725
3.775
3.825
3.875
3.925
3.975
4.025
4.075
4.125
4.175
4.225
4.275
4.325
4.375
4.425
4.475
4.525
4.575
4.625
4.675
4.725
4.775
4.825
4.875
4.925
4.975
5.025
5.075
5.125
5.175
5.225
5.275
5.325
5.375
5.425
5.475
5.525
5.575
5.625
5.675
5.725
5.775
5.825
5.875
5.925
5.975
6.025
6.075
6.125
6.175
6.225
6.275
6.325
6.375
6.425
6.475
6.525
6.575
6.625
6.675
6.725
6.775
6.825
6.875
6.925
6.975
2.025
2.075
2.125
2.175
2.225
2.275
2.325
2.375
2.425
2.475
2.525
2.575
2.625
2.675
2.725
2.775
2.825
2.875
2.925
2.975
3.025
3.075
3.125
3.175
3.225
3.275
3.325
3.375
3.425
3.475
3.525
3.575
3.625
3.675
3.725
3.775
3.825
3.875
3.925
3.975
4.025
4.075
4.125
4.175
4.225
4.275
4.325
4.375
4.425
4.475
4.525
4.575
4.625
4.675
4.725
4.775
4.825
4.875
4.925
4.975
5.025
5.075
5.125
5.175
5.225
5.275
5.325
5.375
5.425
5.475
5.525
5.575
5.625
5.675
5.725
5.775
5.825
5.875
5.925
5.975
6.025
6.075
6.125
6.175
6.225
6.275
6.325
6.375
6.425
6.475
6.525
6.575
6.625
6.675
6.725
6.775
6.825
6.875
6.925
6.975
2.025
2.075
2.125
2.175
2.225
2.275
2.325
2.375
2.425
2.475
2.525
2.575
2.625
2.675
2.725
2.775
2.825
2.875
2.925
2.975
3.025
3.075
3.125
3.175
3.225
3.275
3.325
3.375
3.425
3.475
3.525
3.575
3.625
3.675
3.725
3.775
3.825
3.875
3.925
3.975
4.025
4.075
4.125
4.175
4.225
4.275
4.325
4.375
4.425
4.475
4.525
4.575
4.625
4.675
4.725
4.775
4.825
4.875
4.925
4.975
5.025
5.075
5.125
5.175
5.225
5.275
5.325
5.375
5.425
5.475
5.525
5.575
5.625
5.675
5.725
5.775
5.825
5.875
5.925
5.975
6.025
6.075
6.125
6.175
6.225
6.275
6.325
6.375
6.425
6.475
6.525
6.575
6.625
6.675
6.725
6.775
6.825
6.875
6.925
6.975
2.025
2.075
2.125
2.175
2.225
2.275
2.325
2.375
2.425
2.475
2.525
2.575
2.625
2.675
2.725
2.775
2.825
2.875
2.925
2.975
3.025
3.075
3.125
3.175
3.225
3.275
3.325
3.375
3.425
3.475
3.525
3.575
3.625
3.675
3.725
3.775
3.825
3.875
3.925
3.975
4.025
4.075
4.125
4.175
4.225
4.275
4.325
4.375
4.425
4.475
4.525
4.575
4.625
4.675
4.725
4.775
4.825
4.875
4.925
4.975
5.025
5.075
5.125
5.175
5.225
5.275
5.325
5.375
5.425
5.475
5.525
5.575
5.625
5.675
5.725
5.775
5.825
5.875
5.925
5.975
6.025
6.075
6.125
6.175
6.225
6.275
6.325
6.375
6.425
6.475
6.525
6.575
6.625
6.675
6.725
6.775
6.825
6.875
6.925
6.975
2.025
2.075
2.125
2.175
2.225
2.275
2.325
2.375
2.425
2.475
2.525
2.575
2.625
2.675
2.725
2.775
2.825
2.875
2.925
2.975
3.025
3.075
3.125
3.175
3.225
3.275
3.325
3.375
3.425
3.475
3.525
3.575
3.625
3.675
3.725
3.775
3.825
3.875
3.925
3.975
4.025
4.075
4.125
4.175
4.225
4.275
4.325
4.375
4.425
4.475
4.525
4.575
4.625
4.675
4.725
4.775
4.825
4.875
4.925
4.975
5.025
5.075
5.125
5.175
5.225
5.275
5.325
5.375
5.425
5.475
5.525
5.575
5.625
5.675
5.725
5.775
5.825
5.875
5.925
5.975
6.025
6.075
6.125
6.175
6.225
6.275
6.325
6.375
6.425
6.475
6.525
6.575
6.625
6.675
6.725
6.775
6.825
6.875
6.925
6.975
2.025
2.075
2.125
2.175
2.225
2.275
2.325
2.375
2.425
2.475
2.525
2.575
2.625
2.675
2.725
2.775
2.825
2.875
2.925
2.975
3.025
3.075
3.125
3.175
3.225
3.275
3.325
3.375
3.425
3.475
3.525
3.575
3.625
3.675
3.725
3.775
3.825
3.875
3.925
3.975
4.025
4.075
4.125
4.175
4.225
4.275
4.325
4.375
4.425
4.475
4.525
4.575
4.625
4.675
4.725
4.775
4.825
4.875
4.925
4.975
5.025
5.075
5.125
5.175
5.225
5.275
5.325
5.375
5.425
5.475
5.525
5.575
5.625
5.675
5.725
5.775
5.825
5.875
5.925
5.975
6.025
6.075
6.125
6.175
6.225
6.275
6.325
6.375
6.425
6.475
6.525
6.575
6.625
6.675
6.725
6.775
6.825
6.875
6.925
6.975
2.025
2.075
2.125
2.175
2.225
2.275
2.325
2.375
2.425
2.475
2.525
2.575
2.625
2.675
2.725
2.775
2.825
2.875
2.925
2.975
3.025
3.075
3.125
3.175
3.225
3.275
3.325
3.375
3.425
3.475
3.525
3.575
3.625
3.675
3.725
3.775
3.825
3.875
3.925
3.975
4.025
4.075
4.125
4.175
4.225
4.275
4.325
4.375
4.425
4.475
4.525
4.575
4.625
4.675
4.725
4.775
4.825
4.875
4.925
4.975
5.025
5.075
5.125
5.175
5.225
5.275
5.325
5.375
5.425
5.475
5.525
5.575
5.625
5.675
5.725
5.775
5.825
5.875
5.925
5.975
6.025
6.075
6.125
6.175
6.225
6.275
6.325
6.375
6.425
6.475
6.525
6.575
6.625
6.675
6.725
6.775
6.825
6.875
6.925
6.975
2.025
2.075
2.125
2.175
2.225
2.275
2.325
2.375
2.425
2.475
2.525
2.575
2.625
2.675
2.725
2.775
2.825
2.875
2.925
2.975
3.025
3.075
3.125
3.175
3.225
3.275
3.325
3.375
3.425
3.475
3.525
3.575
3.625
3.675
3.725
3.775
3.825
3.875
3.925
3.975
4.025
4.075
4.125
4.175
4.225
4.275
4.325
4.375
4.425
4.475
4.525
4.575
4.625
4.675
4.725
4.775
4.825
4.875
4.925
4.975
5.025
5.075
5.125
5.175
5.225
5.275
5.325
5.375
5.425
5.475
5.525
5.575
5.625
5.675
5.725
5.775
5.825
5.875
5.925
5.975
6.025
6.075
6.125
6.175
6.225
6.275
6.325
6.375
6.425
6.475
6.525
6.575
6.625
6.675
6.725
6.775
6.825
6.875
6.925
6.975
2.025
2.075
2.125
2.175
2.225
2.275
2.325
2.375
2.425
2.475
2.525
2.575
2.625
2.675
2.725
2.775
2.825
2.875
2.925
2.975
3.025
3.075
3.125
3.175
3.225
3.275
3.325
3.375
3.425
3.475
3.525
3.575
3.625
3.675
3.725
3.775
3.825
3.875
3.925
3.975
4.025
4.075
4.125
4.175
4.225
4.275
4.325
4.375
4.425
4.475
4.525
4.575
4.625
4.675
4.725
4.775
4.825
4.875
4.925
4.975
5.025
5.075
5.125
5.175
5.225
5.275
5.325
5.375
5.425
5.475
5.525
5.575
5.625
5.675
5.725
5.775
5.825
5.875
5.925
5.975
6.025
6.075
6.125
6.175
6.225
6.275
6.325
6.375
6.425
6.475
6.525
6.575
6.625
6.675
6.725
6.775
6.825
6.875
6.925
6.975
2.025
2.075
2.125
2.175
2.225
2.275
2.325
2.375
2.425
2.475
2.525
2.575
2.625
2.675
2.725
2.775
2.825
2.875
2.925
2.975
3.025
3.075
3.125
3.175
3.225
3.275
3.325
3.375
3.425
3.475
3.525
3.575
3.625
3.675
3.725
3.775
3.825
3.875
3.925
3.975
4.025
4.075
4.125
4.175
4.225
4.275
4.325
4.375
4.425
4.475
4.525
4.575
4.625
4.675
4.725
4.775
4.825
4.875
4.925
4.975
5.025
5.075
5.125
5.175
5.225
5.275
5.325
5.375
5.425
5.475
5.525
5.575
5.625
5.675
5.725
5.775
5.825
5.875
5.925
5.975
6.025
6.075
6.125
6.175
6.225
6.275
6.325
6.375
6.425
6.475
6.525
6.575
6.625
6.675
6.725
6.775
6.825
6.875
6.925
6.975
2.025
2.075
2.125
2.175
2.225
2.275
2.325
2.375
2.425
2.475
2.525
2.575
2.625
2.675
2.725
2.775
2.825
2.875
2.925
2.975
3.025
3.075
3.125
3.175
3.225
3.275
3.325
3.375
3.425
3.475
3.525
3.575
3.625
3.675
3.725
3.775
3.825
3.875
3.925
3.975
4.025
4.075
4.125
4.175
4.225
4.275
4.325
4.375
4.425
4.475
4.525
4.575
4.625
4.675
4.725
4.775
4.825
4.875
4.925
4.975
5.025
5.075
5.125
5.175
5.225
5.275
5.325
5.375
5.425
5.475
5.525
5.575
5.625
5.675
5.725
5.775
5.825
5.875
5.925
5.975
6.025
6.075
6.125
6.175
6.225
6.275
6.325
6.375
6.425
6.475
6.525
6.575
6.625
6.675
6.725
6.775
6.825
6.875
6.925
6.975
2.025
2.075
2.125
2.175
2.225
2.275
2.325
2.375
2.425
2.475
2.525
2.575
2.625
2.675
2.725
2.775
2.825
2.875
2.925
2.975
3.025
3.075
3.125
3.175
3.225
3.275
3.325
3.375
3.425
3.475
3.525
3.575
3.625
3.675
3.725
3.775
3.825
3.875
3.925
3.975
4.025
4.075
4.125
4.175
4.225
4.275
4.325
4.375
4.425
4.475
4.525
4.575
4.625
4.675
4.725
4.775
4.825
4.875
4.925
4.975
5.025
5.075
5.125
5.175
5.225
5.275
5.325
5.375
5.425
5.475
5.525
5.575
5.625
5.675
5.725
5.775
5.825
5.875
5.925
5.975
6.025
6.075
6.125
6.175
6.225
6.275
6.325
6.375
6.425
6.475
6.525
6.575
6.625
6.675
6.725
6.775
6.825
6.875
6.925
6.975
2.025
2.075
2.125
2.175
2.225
2.275
2.325
2.375
2.425
2.475
2.525
2.575
2.625
2.675
2.725
2.775
2.825
2.875
2.925
2.975
3.025
3.075
3.125
3.175
3.225
3.275
3.325
3.375
3.425
3.475
3.525
3.575
3.625
3.675
3.725
3.775
3.825
3.875
3.925
3.975
4.025
4.075
4.125
4.175
4.225
4.275
4.325
4.375
4.425
4.475
4.525
4.575
4.625
4.675
4.725
4.775
4.825
4.875
4.925
4.975
5.025
5.075
5.125
5.175
5.225
5.275
5.325
5.375
5.425
5.475
5.525
5.575
5.625
5.675
5.725
5.775
5.825
5.875
5.925
5.975
6.025
6.075
6.125
6.175
6.225
6.275
6.325
6.375
6.425
6.475
6.525
6.575
6.625
6.675
6.725
6.775
6.825
6.875
6.925
6.975
2.025
2.075
2.125
2.175
2.225
2.275
2.325
2.375
2.425
2.475
2.525
2.575
2.625
2.675
2.725
2.775
2.825
2.875
2.925
2.975
3.025
3.075
3.125
3.175
3.225
3.275
3.325
3.375
3.425
3.475
3.525
3.575
3.625
3.675
3.725
3.775
3.825
3.875
3.925
3.975
4.025
4.075
4.125
4.175
4.225
4.275
4.325
4.375
4.425
4.475
4.525
4.575
4.625
4.675
4.725
4.775
4.825
4.875
4.925
4.975
5.025
5.075
5.125
5.175
5.225
5.275
5.325
5.375
5.425
5.475
5.525
5.575
5.625
5.675
5.725
5.775
5.825
5.875
5.925
5.975
6.025
6.075
6.125
6.175
6.225
6.275
6.325
6.375
6.425
6.475
6.525
6.575
6.625
6.675
6.725
6.775
6.825
6.875
6.925
6.975
2.025
2.075
2.125
2.175
2.225
2.275
2.325
2.375
2.425
2.475
2.525
2.575
2.625
2.675
2.725
2.775
2.825
2.875
2.925
2.975
3.025
3.075
3.125
3.175
3.225
3.275
3.325
3.375
3.425
3.475
3.525
3.575
3.625
3.675
3.725
3.775
3.825
3.875
3.925
3.975
4.025
4.075
4.125
4.175
4.225
4.275
4.325
4.375
4.425
4.475
4.525
4.575
4.625
4.675
4.725
4.775
4.825
4.875
4.925
4.975
5.025
5.075
5.125
5.175
5.225
5.275
5.325
5.375
5.425
5.475
5.525
5.575
5.625
5.675
5.725
5.775
5.825
5.875
5.925
5.975
6.025
6.075
6.125
6.175
6.225
6.275
6.325
6.375
6.425
6.475
6.525
6.575
6.625
6.675
6.725
6.775
6.825
6.875
6.925
6.975
2.025
2.075
2.125
2.175
2.225
2.275
2.325
2.375
2.425
2.475
2.525
2.575
2.625
2.675
2.725
2.775
2.825
2.875
2.925
2.975
3.025
3.075
3.125
3.175
3.225
3.275
3.325
3.375
3.425
3.475
3.525
3.575
3.625
3.675
3.725
3.775
3.825
3.875
3.925
3.975
4.025
4.075
4.125
4.175
4.225
4.275
4.325
4.375
4.425
4.475
4.525
4.575
4.625
4.675
4.725
4.775
4.825
4.875
4.925
4.975
5.025
5.075
5.125
5.175
5.225
5.275
5.325
5.375
5.425
5.475
5.525
5.575
5.625
5.675
5.725
5.775
5.825
5.875
5.925
5.975
6.025
6.075
6.125
6.175
6.225
6.275
6.325
6.375
6.425
6.475
6.525
6.575
6.625
6.675
6.725
6.775
6.825
6.875
6.925
6.975
2.025
2.075
2.125
2.175
2.225
2.275
2.325
2.375
2.425
2.475
2.525
2.575
2.625
2.675
2.725
2.775
2.825
2.875
2.925
2.975
3.025
3.075
3.125
3.175
3.225
3.275
3.325
3.375
3.425
3.475
3.525
3.575
3.625
3.675
3.725
3.775
3.825
3.875
3.925
3.975
4.025
4.075
4.125
4.175
4.225
4.275
4.325
4.375
4.425
4.475
4.525
4.575
4.625
4.675
4.725
4.775
4.825
4.875
4.925
4.975
5.025
5.075
5.125
5.175
5.225
5.275
5.325
5.375
5.425
5.475
5.525
5.575
5.625
5.675
5.725
5.775
5.825
5.875
5.925
5.975
6.025
6.075
6.125
6.175
6.225
6.275
6.325
6.375
6.425
6.475
6.525
6.575
6.625
6.675
6.725
6.775
6.825
6.875
6.925
6.975
2.025
2.075
2.125
2.175
2.225
2.275
2.325
2.375
2.425
2.475
2.525
2.575
2.625
2.675
2.725
2.775
2.825
2.875
2.925
2.975
3.025
3.075
3.125
3.175
3.225
3.275
3.325
3.375
3.425
3.475
3.525
3.575
3.625
3.675
3.725
3.775
3.825
3.875
3.925
3.975
4.025
4.075
4.125
4.175
4.225
4.275
4.325
4.375
4.425
4.475
4.525
4.575
4.625
4.675
4.725
4.775
4.825
4.875
4.925
4.975
5.025
5.075
5.125
5.175
5.225
5.275
5.325
5.375
5.425
5.475
5.525
5.575
5.625
5.675
5.725
5.775
5.825
5.875
5.925
5.975
6.025
6.075
6.125
6.175
6.225
6.275
6.325
6.375
6.425
6.475
6.525
6.575
6.625
6.675
6.725
6.775
6.825
6.875
6.925
6.975
2.025
2.075
2.125
2.175
2.225
2.275
2.325
2.375
2.425
2.475
2.525
2.575
2.625
2.675
2.725
2.775
2.825
2.875
2.925
2.975
3.025
3.075
3.125
3.175
3.225
3.275
3.325
3.375
3.425
3.475
3.525
3.575
3.625
3.675
3.725
3.775
3.825
3.875
3.925
3.975
4.025
4.075
4.125
4.175
4.225
4.275
4.325
4.375
4.425
4.475
4.525
4.575
4.625
4.675
4.725
4.775
4.825
4.875
4.925
4.975
5.025
5.075
5.125
5.175
5.225
5.275
5.325
5.375
5.425
5.475
5.525
5.575
5.625
5.675
5.725
5.775
5.825
5.875
5.925
5.975
6.025
6.075
6.125
6.175
6.225
6.275
6.325
6.375
6.425
6.475
6.525
6.575
6.625
6.675
6.725
6.775
6.825
6.875
6.925
6.975
2.025
2.075
2.125
2.175
2.225
2.275
2.325
2.375
2.425
2.475
2.525
2.575
2.625
2.675
2.725
2.775
2.825
2.875
2.925
2.975
3.025
3.075
3.125
3.175
3.225
3.275
3.325
3.375
3.425
3.475
3.525
3.575
3.625
3.675
3.725
3.775
3.825
3.875
3.925
3.975
4.025
4.075
4.125
4.175
4.225
4.275
4.325
4.375
4.425
4.475
4.525
4.575
4.625
4.675
4.725
4.775
4.825
4.875
4.925
4.975
5.025
5.075
5.125
5.175
5.225
5.275
5.325
5.375
5.425
5.475
5.525
5.575
5.625
5.675
5.725
5.775
5.825
5.875
5.925
5.975
6.025
6.075
6.125
6.175
6.225
6.275
6.325
6.375
6.425
6.475
6.525
6.575
6.625
6.675
6.725
6.775
6.825
6.875
6.925
6.975
2.025
2.075
2.125
2.175
2.225
2.275
2.325
2.375
2.425
2.475
2.525
2.575
2.625
2.675
2.725
2.775
2.825
2.875
2.925
2.975
3.025
3.075
3.125
3.175
3.225
3.275
3.325
3.375
3.425
3.475
3.525
3.575
3.625
3.675
3.725
3.775
3.825
3.875
3.925
3.975
4.025
4.075
4.125
4.175
4.225
4.275
4.325
4.375
4.425
4.475
4.525
4.575
4.625
4.675
4.725
4.775
4.825
4.875
4.925
4.975
5.025
5.075
5.125
5.175
5.225
5.275
5.325
5.375
5.425
5.475
5.525
5.575
5.625
5.675
5.725
5.775
5.825
5.875
5.925
5.975
6.025
6.075
6.125
6.175
6.225
6.275
6.325
6.375
6.425
6.475
6.525
6.575
6.625
6.675
6.725
6.775
6.825
6.875
6.925
6.975
2.025
2.075
2.125
2.175
2.225
2.275
2.325
2.375
2.425
2.475
2.525
2.575
2.625
2.675
2.725
2.775
2.825
2.875
2.925
2.975
3.025
3.075
3.125
3.175
3.225
3.275
3.325
3.375
3.425
3.475
3.525
3.575
3.625
3.675
3.725
3.775
3.825
3.875
3.925
3.975
4.025
4.075
4.125
4.175
4.225
4.275
4.325
4.375
4.425
4.475
4.525
4.575
4.625
4.675
4.725
4.775
4.825
4.875
4.925
4.975
5.025
5.075
5.125
5.175
5.225
5.275
5.325
5.375
5.425
5.475
5.525
5.575
5.625
5.675
5.725
5.775
5.825
5.875
5.925
5.975
6.025
6.075
6.125
6.175
6.225
6.275
6.325
6.375
6.425
6.475
6.525
6.575
6.625
6.675
6.725
6.775
6.825
6.875
6.925
6.975
2.025
2.075
2.125
2.175
2.225
2.275
2.325
2.375
2.425
2.475
2.525
2.575
2.625
2.675
2.725
2.775
2.825
2.875
2.925
2.975
3.025
3.075
3.125
3.175
3.225
3.275
3.325
3.375
3.425
3.475
3.525
3.575
3.625
3.675
3.725
3.775
3.825
3.875
3.925
3.975
4.025
4.075
4.125
4.175
4.225
4.275
4.325
4.375
4.425
4.475
4.525
4.575
4.625
4.675
4.725
4.775
4.825
4.875
4.925
4.975
5.025
5.075
5.125
5.175
5.225
5.275
5.325
5.375
5.425
5.475
5.525
5.575
5.625
5.675
5.725
5.775
5.825
5.875
5.925
5.975
6.025
6.075
6.125
6.175
6.225
6.275
6.325
6.375
6.425
6.475
6.525
6.575
6.625
6.675
6.725
6.775
6.825
6.875
6.925
6.975
2.025
2.075
2.125
2.175
2.225
2.275
2.325
2.375
2.425
2.475
2.525
2.575
2.625
2.675
2.725
2.775
2.825
2.875
2.925
2.975
3.025
3.075
3.125
3.175
3.225
3.275
3.325
3.375
3.425
3.475
3.525
3.575
3.625
3.675
3.725
3.775
3.825
3.875
3.925
3.975
4.025
4.075
4.125
4.175
4.225
4.275
4.325
4.375
4.425
4.475
4.525
4.575
4.625
4.675
4.725
4.775
4.825
4.875
4.925
4.975
5.025
5.075
5.125
5.175
5.225
5.275
5.325
5.375
5.425
5.475
5.525
5.575
5.625
5.675
5.725
5.775
5.825
5.875
5.925
5.975
6.025
6.075
6.125
6.175
6.225
6.275
6.325
6.375
6.425
6.475
6.525
6.575
6.625
6.675
6.725
6.775
6.825
6.875
6.925
6.975
2.025
2.075
2.125
2.175
2.225
2.275
2.325
2.375
2.425
2.475
2.525
2.575
2.625
2.675
2.725
2.775
2.825
2.875
2.925
2.975
3.025
3.075
3.125
3.175
3.225
3.275
3.325
3.375
3.425
3.475
3.525
3.575
3.625
3.675
3.725
3.775
3.825
3.875
3.925
3.975
4.025
4.075
4.125
4.175
4.225
4.275
4.325
4.375
4.425
4.475
4.525
4.575
4.625
4.675
4.725
4.775
4.825
4.875
4.925
4.975
5.025
5.075
5.125
5.175
5.225
5.275
5.325
5.375
5.425
5.475
5.525
5.575
5.625
5.675
5.725
5.775
5.825
5.875
5.925
5.975
6.025
6.075
6.125
6.175
6.225
6.275
6.325
6.375
6.425
6.475
6.525
6.575
6.625
6.675
6.725
6.775
6.825
6.875
6.925
6.975
2.025
2.075
2.125
2.175
2.225
2.275
2.325
2.375
2.425
2.475
2.525
2.575
2.625
2.675
2.725
2.775
2.825
2.875
2.925
2.975
3.025
3.075
3.125
3.175
3.225
3.275
3.325
3.375
3.425
3.475
3.525
3.575
3.625
3.675
3.725
3.775
3.825
3.875
3.925
3.975
4.025
4.075
4.125
4.175
4.225
4.275
4.325
4.375
4.425
4.475
4.525
4.575
4.625
4.675
4.725
4.775
4.825
4.875
4.925
4.975
5.025
5.075
5.125
5.175
5.225
5.275
5.325
5.375
5.425
5.475
5.525
5.575
5.625
5.675
5.725
5.775
5.825
5.875
5.925
5.975
6.025
6.075
6.125
6.175
6.225
6.275
6.325
6.375
6.425
6.475
6.525
6.575
6.625
6.675
6.725
6.775
6.825
6.875
6.925
6.975
2.025
2.075
2.125
2.175
2.225
2.275
2.325
2.375
2.425
2.475
2.525
2.575
2.625
2.675
2.725
2.775
2.825
2.875
2.925
2.975
3.025
3.075
3.125
3.175
3.225
3.275
3.325
3.375
3.425
3.475
3.525
3.575
3.625
3.675
3.725
3.775
3.825
3.875
3.925
3.975
4.025
4.075
4.125
4.175
4.225
4.275
4.325
4.375
4.425
4.475
4.525
4.575
4.625
4.675
4.725
4.775
4.825
4.875
4.925
4.975
5.025
5.075
5.125
5.175
5.225
5.275
5.325
5.375
5.425
5.475
5.525
5.575
5.625
5.675
5.725
5.775
5.825
5.875
5.925
5.975
6.025
6.075
6.125
6.175
6.225
6.275
6.325
6.375
6.425
6.475
6.525
6.575
6.625
6.675
6.725
6.775
6.825
6.875
6.925
6.975
2.025
2.075
2.125
2.175
2.225
2.275
2.325
2.375
2.425
2.475
2.525
2.575
2.625
2.675
2.725
2.775
2.825
2.875
2.925
2.975
3.025
3.075
3.125
3.175
3.225
3.275
3.325
3.375
3.425
3.475
3.525
3.575
3.625
3.675
3.725
3.775
3.825
3.875
3.925
3.975
4.025
4.075
4.125
4.175
4.225
4.275
4.325
4.375
4.425
4.475
4.525
4.575
4.625
4.675
4.725
4.775
4.825
4.875
4.925
4.975
5.025
5.075
5.125
5.175
5.225
5.275
5.325
5.375
5.425
5.475
5.525
5.575
5.625
5.675
5.725
5.775
5.825
5.875
5.925
5.975
6.025
6.075
6.125
6.175
6.225
6.275
6.325
6.375
6.425
6.475
6.525
6.575
6.625
6.675
6.725
6.775
6.825
6.875
6.925
6.975
2.025
2.075
2.125
2.175
2.225
2.275
2.325
2.375
2.425
2.475
2.525
2.575
2.625
2.675
2.725
2.775
2.825
2.875
2.925
2.975
3.025
3.075
3.125
3.175
3.225
3.275
3.325
3.375
3.425
3.475
3.525
3.575
3.625
3.675
3.725
3.775
3.825
3.875
3.925
3.975
4.025
4.075
4.125
4.175
4.225
4.275
4.325
4.375
4.425
4.475
4.525
4.575
4.625
4.675
4.725
4.775
4.825
4.875
4.925
4.975
5.025
5.075
5.125
5.175
5.225
5.275
5.325
5.375
5.425
5.475
5.525
5.575
5.625
5.675
5.725
5.775
5.825
5.875
5.925
5.975
6.025
6.075
6.125
6.175
6.225
6.275
6.325
6.375
6.425
6.475
6.525
6.575
6.625
6.675
6.725
6.775
6.825
6.875
6.925
6.975
2.025
2.075
2.125
2.175
2.225
2.275
2.325
2.375
2.425
2.475
2.525
2.575
2.625
2.675
2.725
2.775
2.825
2.875
2.925
2.975
3.025
3.075
3.125
3.175
3.225
3.275
3.325
3.375
3.425
3.475
3.525
3.575
3.625
3.675
3.725
3.775
3.825
3.875
3.925
3.975
4.025
4.075
4.125
4.175
4.225
4.275
4.325
4.375
4.425
4.475
4.525
4.575
4.625
4.675
4.725
4.775
4.825
4.875
4.925
4.975
5.025
5.075
5.125
5.175
5.225
5.275
5.325
5.375
5.425
5.475
5.525
5.575
5.625
5.675
5.725
5.775
5.825
5.875
5.925
5.975
6.025
6.075
6.125
6.175
6.225
6.275
6.325
6.375
6.425
6.475
6.525
6.575
6.625
6.675
6.725
6.775
6.825
6.875
6.925
6.975
2.025
2.075
2.125
2.175
2.225
2.275
2.325
2.375
2.425
2.475
2.525
2.575
2.625
2.675
2.725
2.775
2.825
2.875
2.925
2.975
3.025
3.075
3.125
3.175
3.225
3.275
3.325
3.375
3.425
3.475
3.525
3.575
3.625
3.675
3.725
3.775
3.825
3.875
3.925
3.975
4.025
4.075
4.125
4.175
4.225
4.275
4.325
4.375
4.425
4.475
4.525
4.575
4.625
4.675
4.725
4.775
4.825
4.875
4.925
4.975
5.025
5.075
5.125
5.175
5.225
5.275
5.325
5.375
5.425
5.475
5.525
5.575
5.625
5.675
5.725
5.775
5.825
5.875
5.925
5.975
6.025
6.075
6.125
6.175
6.225
6.275
6.325
6.375
6.425
6.475
6.525
6.575
6.625
6.675
6.725
6.775
6.825
6.875
6.925
6.975
2.025
2.075
2.125
2.175
2.225
2.275
2.325
2.375
2.425
2.475
2.525
2.575
2.625
2.675
2.725
2.775
2.825
2.875
2.925
2.975
3.025
3.075
3.125
3.175
3.225
3.275
3.325
3.375
3.425
3.475
3.525
3.575
3.625
3.675
3.725
3.775
3.825
3.875
3.925
3.975
4.025
4.075
4.125
4.175
4.225
4.275
4.325
4.375
4.425
4.475
4.525
4.575
4.625
4.675
4.725
4.775
4.825
4.875
4.925
4.975
5.025
5.075
5.125
5.175
5.225
5.275
5.325
5.375
5.425
5.475
5.525
5.575
5.625
5.675
5.725
5.775
5.825
5.875
5.925
5.975
6.025
6.075
6.125
6.175
6.225
6.275
6.325
6.375
6.425
6.475
6.525
6.575
6.625
6.675
6.725
6.775
6.825
6.875
6.925
6.975
2.025
2.075
2.125
2.175
2.225
2.275
2.325
2.375
2.425
2.475
2.525
2.575
2.625
2.675
2.725
2.775
2.825
2.875
2.925
2.975
3.025
3.075
3.125
3.175
3.225
3.275
3.325
3.375
3.425
3.475
3.525
3.575
3.625
3.675
3.725
3.775
3.825
3.875
3.925
3.975
4.025
4.075
4.125
4.175
4.225
4.275
4.325
4.375
4.425
4.475
4.525
4.575
4.625
4.675
4.725
4.775
4.825
4.875
4.925
4.975
5.025
5.075
5.125
5.175
5.225
5.275
5.325
5.375
5.425
5.475
5.525
5.575
5.625
5.675
5.725
5.775
5.825
5.875
5.925
5.975
6.025
6.075
6.125
6.175
6.225
6.275
6.325
6.375
6.425
6.475
6.525
6.575
6.625
6.675
6.725
6.775
6.825
6.875
6.925
6.975
2.025
2.075
2.125
2.175
2.225
2.275
2.325
2.375
2.425
2.475
2.525
2.575
2.625
2.675
2.725
2.775
2.825
2.875
2.925
2.975
3.025
3.075
3.125
3.175
3.225
3.275
3.325
3.375
3.425
3.475
3.525
3.575
3.625
3.675
3.725
3.775
3.825
3.875
3.925
3.975
4.025
4.075
4.125
4.175
4.225
4.275
4.325
4.375
4.425
4.475
4.525
4.575
4.625
4.675
4.725
4.775
4.825
4.875
4.925
4.975
5.025
5.075
5.125
5.175
5.225
5.275
5.325
5.375
5.425
5.475
5.525
5.575
5.625
5.675
5.725
5.775
5.825
5.875
5.925
5.975
6.025
6.075
6.125
6.175
6.225
6.275
6.325
6.375
6.425
6.475
6.525
6.575
6.625
6.675
6.725
6.775
6.825
6.875
6.925
6.975
2.025
2.075
2.125
2.175
2.225
2.275
2.325
2.375
2.425
2.475
2.525
2.575
2.625
2.675
2.725
2.775
2.825
2.875
2.925
2.975
3.025
3.075
3.125
3.175
3.225
3.275
3.325
3.375
3.425
3.475
3.525
3.575
3.625
3.675
3.725
3.775
3.825
3.875
3.925
3.975
4.025
4.075
4.125
4.175
4.225
4.275
4.325
4.375
4.425
4.475
4.525
4.575
4.625
4.675
4.725
4.775
4.825
4.875
4.925
4.975
5.025
5.075
5.125
5.175
5.225
5.275
5.325
5.375
5.425
5.475
5.525
5.575
5.625
5.675
5.725
5.775
5.825
5.875
5.925
5.975
6.025
6.075
6.125
6.175
6.225
6.275
6.325
6.375
6.425
6.475
6.525
6.575
6.625
6.675
6.725
6.775
6.825
6.875
6.925
6.975
2.025
2.075
2.125
2.175
2.225
2.275
2.325
2.375
2.425
2.475
2.525
2.575
2.625
2.675
2.725
2.775
2.825
2.875
2.925
2.975
3.025
3.075
3.125
3.175
3.225
3.275
3.325
3.375
3.425
3.475
3.525
3.575
3.625
3.675
3.725
3.775
3.825
3.875
3.925
3.975
4.025
4.075
4.125
4.175
4.225
4.275
4.325
4.375
4.425
4.475
4.525
4.575
4.625
4.675
4.725
4.775
4.825
4.875
4.925
4.975
5.025
5.075
5.125
5.175
5.225
5.275
5.325
5.375
5.425
5.475
5.525
5.575
5.625
5.675
5.725
5.775
5.825
5.875
5.925
5.975
6.025
6.075
6.125
6.175
6.225
6.275
6.325
6.375
6.425
6.475
6.525
6.575
6.625
6.675
6.725
6.775
6.825
6.875
6.925
6.975
2.025
2.075
2.125
2.175
2.225
2.275
2.325
2.375
2.425
2.475
2.525
2.575
2.625
2.675
2.725
2.775
2.825
2.875
2.925
2.975
3.025
3.075
3.125
3.175
3.225
3.275
3.325
3.375
3.425
3.475
3.525
3.575
3.625
3.675
3.725
3.775
3.825
3.875
3.925
3.975
4.025
4.075
4.125
4.175
4.225
4.275
4.325
4.375
4.425
4.475
4.525
4.575
4.625
4.675
4.725
4.775
4.825
4.875
4.925
4.975
5.025
5.075
5.125
5.175
5.225
5.275
5.325
5.375
5.425
5.475
5.525
5.575
5.625
5.675
5.725
5.775
5.825
5.875
5.925
5.975
6.025
6.075
6.125
6.175
6.225
6.275
6.325
6.375
6.425
6.475
6.525
6.575
6.625
6.675
6.725
6.775
6.825
6.875
6.925
6.975
)
;

boundaryField
{
    inlet
    {
        type            calculated;
        value           uniform 0;
    }
    outlet
    {
        type            calculated;
        value           nonuniform List<scalar> 
70
(
7
7
7
7
7
7
7
7
7
7
7
7
7
7
7
7
7
7
7
7
7
7
7
7
7
7
7
7
7
7
7
7
7
7
7
7
7
7
7
7
7
7
7
7
7
7
7
7
7
7
7
7
7
7
7
7
7
7
7
7
7
7
7
7
7
7
7
7
7
7
)
;
    }
    frontAndBack
    {
        type            empty;
    }
    walls
    {
        type            calculated;
        value           nonuniform List<scalar> 
330
(
0.02
0.06
0.1
0.14
0.18
0.22
0.26
0.3
0.34
0.38
0.42
0.46
0.5
0.54
0.58
0.62
0.66
0.7
0.74
0.78
0.82
0.86
0.9
0.94
0.98
1.02
1.06
1.1
1.14
1.18
1.22
1.26
1.3
1.34
1.38
1.42
1.46
1.5
1.54
1.58
1.62
1.66
1.7
1.74
1.78
1.82
1.86
1.9
1.94
1.98
2
2
2
2
2
2
2
2
2
2
2
2
2
2
2
2
2
2
2
2
2
2
2
2
2
2
2
2
2
2
2.025
2.075
2.125
2.175
2.225
2.275
2.325
2.375
2.425
2.475
2.525
2.575
2.625
2.675
2.725
2.775
2.825
2.875
2.925
2.975
3.025
3.075
3.125
3.175
3.225
3.275
3.325
3.375
3.425
3.475
3.525
3.575
3.625
3.675
3.725
3.775
3.825
3.875
3.925
3.975
4.025
4.075
4.125
4.175
4.225
4.275
4.325
4.375
4.425
4.475
4.525
4.575
4.625
4.675
4.725
4.775
4.825
4.875
4.925
4.975
5.025
5.075
5.125
5.175
5.225
5.275
5.325
5.375
5.425
5.475
5.525
5.575
5.625
5.675
5.725
5.775
5.825
5.875
5.925
5.975
6.025
6.075
6.125
6.175
6.225
6.275
6.325
6.375
6.425
6.475
6.525
6.575
6.625
6.675
6.725
6.775
6.825
6.875
6.925
6.975
0.02
0.06
0.1
0.14
0.18
0.22
0.26
0.3
0.34
0.38
0.42
0.46
0.5
0.54
0.58
0.62
0.66
0.7
0.74
0.78
0.82
0.86
0.9
0.94
0.98
1.02
1.06
1.1
1.14
1.18
1.22
1.26
1.3
1.34
1.38
1.42
1.46
1.5
1.54
1.58
1.62
1.66
1.7
1.74
1.78
1.82
1.86
1.9
1.94
1.98
2.025
2.075
2.125
2.175
2.225
2.275
2.325
2.375
2.425
2.475
2.525
2.575
2.625
2.675
2.725
2.775
2.825
2.875
2.925
2.975
3.025
3.075
3.125
3.175
3.225
3.275
3.325
3.375
3.425
3.475
3.525
3.575
3.625
3.675
3.725
3.775
3.825
3.875
3.925
3.975
4.025
4.075
4.125
4.175
4.225
4.275
4.325
4.375
4.425
4.475
4.525
4.575
4.625
4.675
4.725
4.775
4.825
4.875
4.925
4.975
5.025
5.075
5.125
5.175
5.225
5.275
5.325
5.375
5.425
5.475
5.525
5.575
5.625
5.675
5.725
5.775
5.825
5.875
5.925
5.975
6.025
6.075
6.125
6.175
6.225
6.275
6.325
6.375
6.425
6.475
6.525
6.575
6.625
6.675
6.725
6.775
6.825
6.875
6.925
6.975
)
;
    }
}


// ************************************************************************* //
