FoamFile
{
    format      ascii;
    class       dictionary;
    object      topoSetDict;
}

actions
(
    // Random interior sampling
    {
        name    hrSamples;
        type    cellSet;
        action  new;
        source  labelToCell;

        value
        (
            6
            9
            18
            27
            35
            42
            43
            53
            58
            90
            96
            106
            117
            128
            152
            158
            166
            188
            200
            207
            224
            231
            241
            251
            282
            317
            319
            320
            333
            339
            344
            387
            400
            406
            409
            420
            423
            434
            441
            444
            452
            470
            472
            474
            475
            488
            508
            514
            520
            525
            534
            588
            590
            601
            606
            626
            634
            651
            653
            659
            672
            685
            711
            715
            722
            727
            745
            750
            753
            757
            771
            821
            822
            823
            828
            832
            841
            845
            853
            878
            887
            888
            893
            916
            931
            936
            949
            958
            960
            964
            977
            986
            993
            998
            1020
            1040
            1049
            1052
            1070
            1084
            1104
            1113
            1121
            1122
            1124
            1127
            1129
            1133
            1137
            1139
            1143
            1146
            1160
            1163
            1166
            1169
            1188
            1193
            1200
            1213
            1225
            1229
            1232
            1235
            1245
            1269
            1290
            1291
            1307
            1312
            1315
            1317
            1320
            1330
            1341
            1343
            1375
            1389
            1395
            1402
            1403
            1419
            1424
            1442
            1480
            1489
            1494
            1496
            1512
            1519
            1524
            1527
            1528
            1530
            1535
            1545
            1584
            1588
            1604
            1612
            1625
            1633
            1638
            1644
            1646
            1647
            1654
            1669
            1674
            1679
            1680
            1684
            1697
            1713
            1729
            1743
            1746
            1753
            1771
            1776
            1790
            1796
            1824
            1827
            1832
            1858
            1869
            1874
            1876
            1880
            1889
            1891
            1894
            1899
            1924
            1940
            1958
            1964
            1976
            1982
            1983
            1988
            1989
            2037
            2041
            2045
            2060
            2068
            2073
            2085
            2088
            2091
            2103
            2143
            2144
            2146
            2167
            2170
            2184
            2200
            2223
            2236
            2266
            2267
            2286
            2287
            2296
            2330
            2340
            2361
            2369
            2414
            2417
            2426
            2434
            2441
            2442
            2444
            2471
            2485
            2492
            2496
            2503
            2504
            2506
            2522
            2529
            2532
            2536
            2546
            2547
            2564
            2573
            2579
            2584
            2591
            2594
            2607
            2608
            2615
            2621
            2634
            2646
            2647
            2662
            2664
            2677
            2683
            2697
            2704
            2705
            2718
            2724
            2725
            2749
            2780
            2803
            2847
            2851
            2870
            2881
            2885
            2900
            2925
            2927
            2938
            2939
            2973
            2977
            2979
            3006
            3020
            3033
            3044
            3073
            3090
            3111
            3114
            3116
            3119
            3122
            3130
            3138
            3139
            3143
            3150
            3155
            3164
            3180
            3185
            3228
            3241
            3249
            3257
            3258
            3262
            3266
            3269
            3295
            3335
            3346
            3388
            3404
            3432
            3441
            3443
            3450
            3456
            3457
            3467
            3470
            3475
            3483
            3492
            3501
            3502
            3505
            3510
            3527
            3545
            3566
            3571
            3582
            3585
            3593
            3595
            3598
            3608
            3611
            3613
            3630
            3644
            3652
            3657
            3673
            3680
            3681
            3683
            3697
            3727
            3728
            3733
            3750
            3752
            3770
            3777
            3788
            3792
            3811
            3814
            3824
            3826
            3841
            3846
            3848
            3853
            3872
            3878
            3899
            3908
            3910
            3912
            3919
            3920
            3923
            3929
            3937
            3946
            3954
            3978
            3981
            3986
            3993
            3995
            3997
            4002
            4010
            4011
            4012
            4022
            4033
            4040
            4050
            4051
            4061
            4065
            4066
            4073
            4082
            4088
            4092
            4102
            4114
            4118
            4119
            4133
            4135
            4136
            4173
            4198
            4232
            4246
            4262
            4272
            4279
            4291
            4304
            4315
            4325
            4333
            4334
            4335
            4339
            4342
            4345
            4349
            4351
            4352
            4371
            4374
            4375
            4377
            4386
            4397
            4415
            4422
            4425
            4438
            4451
            4460
            4462
            4471
            4479
            4494
            4499
            4506
            4526
            4530
            4533
            4543
            4552
            4554
            4557
            4558
            4562
            4563
            4564
            4569
            4573
            4581
            4616
            4632
            4634
            4636
            4649
            4658
            4669
            4673
            4681
            4700
            4708
            4719
            4720
            4722
            4728
            4741
            4771
            4781
            4786
            4803
            4808
            4820
            4844
            4853
            4861
            4871
            4889
            4891
            4892
            4905
            4906
            4915
            4920
            4930
            4941
            4952
            4956
            4978
            4982
            5000
            5003
            5016
            5023
            5038
            5039
            5050
            5067
            5085
            5091
            5096
            5107
            5111
            5138
            5139
            5143
            5147
            5153
            5155
            5168
            5169
            5180
            5183
            5188
            5198
            5213
            5238
            5260
            5272
            5279
            5280
            5296
            5310
            5313
            5314
            5325
            5344
            5355
            5363
            5378
            5383
            5403
            5409
            5413
            5419
            5421
            5425
            5439
            5442
            5446
            5460
            5464
            5491
            5502
            5507
            5511
            5514
            5529
            5539
            5546
            5559
            5568
            5573
            5574
            5576
            5582
            5590
            5617
            5632
            5635
            5654
            5663
            5688
            5700
            5718
            5728
            5733
            5753
            5763
            5764
            5794
            5804
            5813
            5820
            5862
            5881
            5912
            5925
            5927
            5930
            5934
            5947
            5967
            5974
            5977
            6043
            6046
            6049
            6054
            6065
            6071
            6118
            6126
            6149
            6180
            6201
            6209
            6211
            6216
            6224
            6226
            6227
            6232
            6246
            6252
            6267
            6274
            6275
            6284
            6291
            6304
            6311
            6325
            6371
            6381
            6389
            6396
            6455
            6482
            6484
            6498
            6512
            6528
            6537
            6543
            6547
            6548
            6561
            6565
            6570
            6572
            6592
            6594
            6596
            6615
            6622
            6624
            6625
            6653
            6658
            6669
            6678
            6684
            6690
            6691
            6693
            6717
            6730
            6735
            6744
            6745
            6755
            6770
            6790
            6797
            6798
            6807
            6812
            6818
            6865
            6868
            6873
            6882
            6883
            6888
            6906
            6912
            6916
            6924
            6930
            6932
            6939
            6965
            6971
            6991
            7007
            7018
            7019
            7022
            7025
            7041
            7043
            7062
            7066
            7078
            7102
            7110
            7119
            7123
            7135
            7136
            7140
            7141
            7144
            7149
            7172
            7177
            7178
            7179
            7195
            7206
            7213
            7216
            7238
            7239
            7242
            7244
            7245
            7251
            7253
            7260
            7269
            7305
            7316
            7342
            7350
            7359
            7373
            7381
            7385
            7397
            7428
            7433
            7434
            7438
            7449
            7451
            7454
            7460
            7461
            7478
            7483
            7486
            7491
            7508
            7517
            7527
            7532
            7541
            7560
            7564
            7569
            7573
            7579
            7611
            7612
            7613
            7616
            7618
            7619
            7633
            7651
            7657
            7668
            7679
            7690
            7692
            7699
            7700
            7705
            7708
            7711
            7736
            7744
            7749
            7752
            7753
            7758
            7777
            7784
            7787
            7800
            7811
            7814
            7827
            7843
            7886
            7905
            7921
            7933
            7935
            7939
            7941
            7953
            7956
            7962
            7973
            7988
            7994
            7999
            8004
            8005
            8022
            8031
            8041
            8042
            8056
            8085
            8090
            8098
            8099
            8115
            8117
            8165
            8167
            8179
            8199
            8201
            8229
            8238
            8270
            8279
            8280
            8288
            8289
            8308
            8317
            8318
            8320
            8327
            8337
            8346
            8348
            8375
            8379
            8423
            8431
            8445
            8464
            8479
            8486
            8494
            8502
            8518
            8540
            8548
            8561
            8565
            8595
            8617
            8645
            8666
            8669
            8689
            8698
            8701
            8702
            8727
            8728
            8742
            8751
            8779
            8785
            8786
            8797
            8808
            8817
            8818
            8821
            8824
            8830
            8834
            8835
            8837
            8847
            8849
            8856
            8864
            8883
            8889
            8890
            8900
            8903
            8922
            8928
            8935
            8938
            8947
            8976
            8977
            8998
        );
    }

    // Add cells adjacent to physical boundaries
    {
        name    hrSamples;
        type    cellSet;
        action  add;
        source  patchToCell;

        patches
        (
            inlet
            outlet
            walls
        );
    }
);
