/*--------------------------------*- C++ -*----------------------------------*\
| =========                 |                                                 |
| \\      /  F ield         | OpenFOAM: The Open Source CFD Toolbox           |
|  \\    /   O peration     | Version:  2606                                  |
|   \\  /    A nd           | Website:  www.openfoam.com                      |
|    \\/     M anipulation  |                                                 |
\*---------------------------------------------------------------------------*/
FoamFile
{
    version     2.0;
    format      ascii;
    arch        "LSB;label=32;scalar=64";
    class       volScalarField;
    location    "92";
    object      hrResidualIndicator;
}
// * * * * * * * * * * * * * * * * * * * * * * * * * * * * * * * * * * * * * //

dimensions      [0 0 0 0 0 0 0];

internalField   nonuniform List<scalar> 
9000
(
1
0.848415
0.319643
0.147303
0.0811299
0.050268
0.03429
0.0254031
0.0499493
0.0171069
0.0152844
0.0221004
0.0213023
0.0134271
0.0226689
0.0311501
0.0134053
0.031826
0.0536557
0.0136549
0.0226087
0.0137877
0.0175281
0.0138736
0.0291835
0.0183676
0.0319923
0.0279572
0.0139016
0.017245
0.0171787
0.0472006
0.0379586
0.0241627
0.0136038
0.0171337
0.0325953
0.0450063
0.013043
0.0128113
0.0125159
0.012138
0.0116557
0.0389402
0.0122799
0.0227329
0.0202956
0.0190374
0.200196
1
1
1
0.462045
0.163497
0.111453
0.0774634
0.0484702
0.036293
0.0327536
0.0375371
0.0242214
0.0292128
0.0176124
0.0483908
0.0284805
0.0302243
0.0423926
0.0165025
0.0590501
0.0168821
0.0419318
0.0607989
0.016777
0.0168131
0.0491417
0.0285827
0.0221899
0.0168498
0.0389209
0.0380097
0.0167722
0.0741815
0.0740049
0.0165943
0.016507
0.0338229
0.0457217
0.0161194
0.0212795
0.0300103
0.0154727
0.0194326
0.0161857
0.0590672
0.0241814
0.0398089
0.0205689
0.0291545
0.0540282
0.180689
0.724859
0.434346
0.229789
0.148242
0.100203
0.0965511
0.0516635
0.0395419
0.0315794
0.0555409
0.0315506
0.0206674
0.0237693
0.068347
0.0179332
0.0228741
0.0347441
0.0419696
0.0388329
0.0175224
0.0219786
0.0434997
0.0176269
0.0332056
0.0176727
0.0521977
0.0351097
0.0541561
0.0287939
0.060404
0.0209281
0.0638837
0.0876412
0.0551049
0.0410585
0.062528
0.0262216
0.0429499
0.0849919
0.0167418
0.026274
0.0470861
0.0453515
0.0651453
0.0515953
0.0600752
0.0472141
0.0327304
0.073426
0.0892158
0.442107
0.289905
0.178371
0.125541
0.0891342
0.0652483
0.054753
0.0633132
0.0694662
0.0864895
0.0234934
0.0418366
0.0321257
0.0188977
0.0265449
0.0179665
0.0313719
0.0526402
0.0757374
0.0434987
0.0189924
0.0176434
0.0176625
0.0772987
0.0176903
0.0583496
0.0176937
0.0569334
0.0176729
0.0553185
0.0740973
0.0315524
0.0572779
0.0534011
0.0174155
0.0312043
0.0553922
0.0171702
0.0941381
0.0170016
0.0197771
0.0169689
0.0541966
0.0176183
0.0403692
0.0579478
0.0250027
0.0315413
0.0432447
0.0659259
0.289314
0.210757
0.144207
0.10654
0.0786702
0.0895687
0.0645364
0.0592699
0.0531259
0.0561377
0.0237727
0.0357048
0.0311069
0.0267465
0.0186095
0.0300538
0.0179633
0.017819
0.0555303
0.0177056
0.0180734
0.0636495
0.0176966
0.0549908
0.0640272
0.0568653
0.0371314
0.0342465
0.0623403
0.0940172
0.0691439
0.0176063
0.0175656
0.0491259
0.0389134
0.0436196
0.0173617
0.0543205
0.0718343
0.0362662
0.0172801
0.0486797
0.0362951
0.0272027
0.038579
0.0885961
0.0395232
0.0299468
0.0374484
0.0516378
0.203868
0.159408
0.117486
0.0901582
0.0690738
0.054181
0.0435656
0.0359747
0.0655048
0.0266016
0.0310997
0.033631
0.0631769
0.0194783
0.0370132
0.0183996
0.0181221
0.0179477
0.0399147
0.0265498
0.055103
0.0711648
0.0177322
0.0658765
0.0504936
0.0177281
0.0177219
0.0663175
0.0176993
0.0506125
0.0242387
0.0190677
0.0470285
0.0656035
0.0175305
0.0342544
0.035744
0.0315352
0.0203007
0.0680818
0.0252927
0.01778
0.0252411
0.056168
0.0236402
0.0758859
0.0246204
0.0304879
0.0739814
0.0422745
0.148161
0.123455
0.0962765
0.10046
0.0604259
0.0488269
0.0403306
0.110857
0.0294676
0.0260964
0.0587193
0.0218226
0.0262601
0.0252924
0.0268407
0.0185427
0.0182469
0.0236384
0.0452054
0.0487812
0.0469858
0.0675204
0.0325961
0.0284576
0.0196816
0.0389448
0.0235729
0.0317601
0.0525953
0.0325541
0.0553072
0.0233123
0.0176389
0.0374434
0.0175904
0.0175699
0.0344021
0.048918
0.0566124
0.0477744
0.026647
0.0492416
0.0492647
0.0678692
0.020279
0.0515461
0.0241172
0.0428557
0.0597671
0.0693542
0.110075
0.0976284
0.0794897
0.0646579
0.0526732
0.04373
0.0447369
0.0319852
0.0282041
0.0253639
0.0362349
0.0216709
0.0205134
0.0196645
0.0190723
0.0342715
0.0415503
0.0181424
0.0180123
0.0179096
0.0178628
0.0178286
0.0750828
0.0437223
0.0366081
0.028846
0.0267868
0.0519034
0.0177293
0.0507123
0.0882761
0.0176954
0.0683882
0.0357007
0.0244907
0.0176383
0.0212987
0.0212986
0.0177299
0.0550904
0.0643027
0.046057
0.0499979
0.0194061
0.0891719
0.0217295
0.0321515
0.0256781
0.106798
0.0377441
0.0837053
0.0785882
0.0660388
0.0548368
0.04578
0.0389158
0.0358332
0.0297873
0.107834
0.0493974
0.0227261
0.0769689
0.0360733
0.0196403
0.0190898
0.0239026
0.0184118
0.0207189
0.0790266
0.0291874
0.0353346
0.0557834
0.042138
0.0699428
0.0273676
0.0184139
0.017776
0.0296068
0.0346514
0.0299948
0.0382537
0.0342317
0.0221817
0.0234462
0.0519887
0.0435093
0.0740216
0.0177726
0.0178446
0.0503444
0.0273988
0.0342293
0.048693
0.0194897
0.0304109
0.0532754
0.034914
0.0766868
0.0631407
0.0592595
0.0650388
0.0641625
0.0550859
0.0465115
0.0396161
0.0808831
0.0305308
0.0789307
0.0252589
0.059661
0.0220907
0.0499262
0.0201805
0.0195358
0.0269987
0.0387365
0.0184536
0.0449214
0.0640525
0.018019
0.0179486
0.0179093
0.0956184
0.0415017
0.0607145
0.0381379
0.0805333
0.0229917
0.0549371
0.0317126
0.0400674
0.0678518
0.0209777
0.028635
0.0195388
0.0533083
0.0177917
0.0178486
0.0419524
0.0180728
0.0532287
0.0185509
0.0296172
0.0592456
0.0202222
0.0841904
0.0221848
0.0233673
0.0327514
0.0328602
0.0514515
0.108222
0.0460768
0.0757702
0.0491528
0.0355697
0.0303946
0.0253343
0.055081
0.0708511
0.0213875
0.0355015
0.0485761
0.0205119
0.0189893
0.0635982
0.0184568
0.0429361
0.0534209
0.0542533
0.0332402
0.0745663
0.0179228
0.0377136
0.0178612
0.0178387
0.017818
0.0178139
0.01809
0.0238556
0.017782
0.0939144
0.0177776
0.0177809
0.0558045
0.0178139
0.025502
0.0293938
0.0180106
0.084005
0.0548037
0.0348041
0.0189778
0.0194419
0.0667798
0.0207465
0.099764
0.0447881
0.0244783
0.0608847
0.0412653
0.0440876
0.0674833
0.0332063
0.0882683
0.0264557
0.0245548
0.0322041
0.0843665
0.0213425
0.069802
0.0331449
0.122471
0.0921015
0.0618038
0.0761002
0.0187605
0.0207587
0.0181698
0.0180903
0.018502
0.0392733
0.0323599
0.0179078
0.0424582
0.0178624
0.0372224
0.0178293
0.030312
0.0513491
0.0218127
0.0240257
0.0356344
0.0178176
0.116165
0.0459982
0.0810532
0.0837991
0.0726962
0.0517143
0.0589231
0.0250535
0.0526719
0.0792214
0.0198075
0.0589642
0.0572863
0.0215325
0.0302069
0.057999
0.036082
0.0371971
0.0322826
0.0278279
0.0441333
0.0229209
0.0218255
0.0506954
0.0364203
0.114901
0.0199092
0.055961
0.0214957
0.106097
0.0606537
0.0720311
0.0184083
0.0662897
0.0181763
0.0216634
0.0180349
0.136666
0.0424025
0.0259594
0.0179099
0.0665593
0.0468759
0.0617668
0.0385965
0.0178394
0.0178478
0.0411386
0.0289309
0.0973489
0.0640506
0.0540801
0.0712691
0.0298208
0.0841315
0.0208733
0.0380822
0.0399819
0.0804344
0.0318309
0.0585664
0.0309299
0.0451946
0.0259193
0.0985091
0.0610975
0.0447584
0.0310961
0.0405259
0.0303192
0.0207691
0.0196706
0.019301
0.0255138
0.0192683
0.0415137
0.0291065
0.0555888
0.0529619
0.0878429
0.0186423
0.0184929
0.0183744
0.0182793
0.01817
0.0569858
0.0180556
0.0670347
0.0566929
0.0179442
0.0369109
0.0488557
0.0283538
0.0587964
0.0386717
0.0520201
0.0670841
0.0346337
0.0639795
0.0395947
0.0328062
0.0384228
0.0583542
0.0257823
0.0180874
0.0696055
0.0183721
0.0185421
0.111956
0.0623052
0.0361248
0.0381469
0.0199174
0.0201118
0.0495309
0.0200931
0.0799242
0.0262754
0.0529094
0.0188471
0.0548963
0.0166724
0.0501448
0.0524271
0.0662871
0.0343209
0.0848579
0.0803309
0.0733118
0.0998509
0.0316286
0.0184191
0.0285473
0.0518555
0.0181817
0.0694073
0.018061
0.0325618
0.0339111
0.0240772
0.0655134
0.0919275
0.0178967
0.0753371
0.050593
0.0419646
0.0756647
0.0277833
0.0886498
0.0179043
0.116843
0.017942
0.0664797
0.0180193
0.0698854
0.0331269
0.0183347
0.0268735
0.0460526
0.0188586
0.0463751
0.0582763
0.0588916
0.0277615
0.0502403
0.0728276
0.0488845
0.0223
0.0514138
0.0150232
0.0136948
0.0139141
0.0148839
0.0748691
0.0362681
0.0648659
0.0192994
0.0555314
0.0183546
0.0226223
0.0550932
0.0183417
0.0479036
0.057056
0.0181656
0.0264275
0.0180736
0.0378391
0.0309183
0.0179729
0.0179534
0.0707813
0.0367112
0.0588034
0.0823478
0.0463604
0.0710877
0.0217425
0.0461725
0.0753238
0.0372774
0.0179454
0.0397323
0.0738953
0.0180963
0.110529
0.0182848
0.045932
0.040653
0.0662371
0.124542
0.0189498
0.0277162
0.0207758
0.0229102
0.0304177
0.0444124
0.116127
0.0687161
0.0633609
0.0248246
0.0756806
0.0232385
0.0238707
0.0158941
0.0844063
0.0281372
0.0295189
0.0765509
0.0182522
0.0182872
0.018284
0.0226512
0.0182064
0.0185214
0.0937787
0.0212124
0.0525359
0.0179997
0.072136
0.092961
0.0813492
0.0831294
0.0271866
0.0216361
0.106443
0.037011
0.0429974
0.0178988
0.0365036
0.0262861
0.0179596
0.0252543
0.0359006
0.0733984
0.0438255
0.0182148
0.0183219
0.0444231
0.0193021
0.053696
0.0249715
0.0186496
0.0185768
0.0183827
0.0181037
0.0832432
0.0850584
0.0406678
0.0588556
0.108052
0.0399561
0.0185351
0.0425869
0.0879168
0.0485263
0.0965843
0.0176246
0.022609
0.0477578
0.0182112
0.0271021
0.0182215
0.024736
0.0759391
0.0860661
0.0453514
0.0372366
0.0525421
0.017966
0.110666
0.115397
0.0179286
0.0179098
0.0458365
0.0179035
0.0492829
0.0418194
0.0728448
0.0179143
0.0418561
0.0179603
0.063105
0.0180257
0.0322259
0.0181186
0.0289406
0.0252783
0.0182919
0.036933
0.0656004
0.0264191
0.0183147
0.0976332
0.0906658
0.0176197
0.00971732
0.0319545
0.0384525
0.127759
0.0984636
0.0464004
0.0158712
0.0801798
0.0509084
0.0425263
0.022653
0.0347963
0.0178233
0.0346226
0.0259479
0.0242469
0.0793418
0.0793697
0.0181632
0.018117
0.0180774
0.0180506
0.052488
0.0488139
0.0373095
0.0878082
0.0364788
0.0500105
0.0501148
0.0179091
0.0809381
0.0723797
0.0462681
0.0517447
0.0552976
0.0179515
0.0474131
0.0299402
0.0852317
0.0377958
0.0379518
0.0181512
0.0273885
0.0181853
0.0181917
0.0865129
0.0180225
0.0552929
0.0702333
0.0172559
0.075939
0.0138591
0.0142967
0.077331
0.107233
0.0166842
0.0496689
0.059656
0.0486415
0.0157608
0.0214227
0.0655635
0.0177622
0.0651743
0.0685315
0.0181986
0.0339287
0.0327273
0.0187868
0.0181146
0.0800638
0.0180573
0.118787
0.0351413
0.0706785
0.0358861
0.0364158
0.0834804
0.0940914
0.0693506
0.030779
0.0339457
0.0445651
0.0933681
0.0704977
0.0182299
0.108331
0.0183659
0.0227258
0.0180254
0.0512798
0.0576844
0.0218371
0.0180472
0.0179964
0.0326307
0.0349694
0.041382
0.017283
0.0826137
0.0339305
0.0171769
0.0630206
0.0331829
0.0706014
0.0169498
0.00988042
0.0323685
0.0143721
0.065333
0.016702
0.0838764
0.0295586
0.0277777
0.0228161
0.0181965
0.021054
0.0181814
0.0181686
0.0340111
0.0912844
0.0180573
0.0180143
0.0870499
0.0447919
0.021464
0.0358999
0.054524
0.0179241
0.0889025
0.109235
0.0203655
0.0297106
0.0179426
0.111714
0.052145
0.01797
0.0541649
0.0376361
0.09446
0.0369435
0.0184835
0.0311759
0.044133
0.0338498
0.0734802
0.0208176
0.0854426
0.0484382
0.0228606
0.0520748
0.0553913
0.0175391
0.0345772
0.0454076
0.0104379
0.0270822
0.0259088
0.0181014
0.0394302
0.0216838
0.0353959
0.0384775
0.0400457
0.0181769
0.0327077
0.0468017
0.018199
0.0181598
0.0181156
0.0180829
0.075596
0.0610653
0.0179936
0.0179828
0.0246355
0.0364372
0.0544023
0.0482098
0.0203247
0.0386938
0.0489657
0.0252391
0.0792969
0.0285222
0.0811496
0.0179542
0.048129
0.0581916
0.0335342
0.0515257
0.0387459
0.053468
0.0177906
0.0315842
0.0903413
0.0819764
0.0388756
0.0328179
0.0304243
0.0599309
0.027942
0.0444289
0.0203176
0.0387679
0.0138533
0.0425612
0.0461165
0.0202936
0.0163063
0.0272747
0.0349878
0.0580883
0.0639085
0.0182043
0.0456534
0.051374
0.0181993
0.0181803
0.0340748
0.0636745
0.0346443
0.0180273
0.0527999
0.0179942
0.0439127
0.048366
0.0546546
0.0863677
0.0179611
0.0234141
0.0533206
0.0707014
0.0508452
0.0179507
0.0567608
0.042368
0.0284597
0.0179254
0.0256689
0.0504861
0.0491634
0.049181
0.0213931
0.0404439
0.0714812
0.0372068
0.0850288
0.016589
0.0162284
0.0145947
0.0190596
0.0219974
0.0432959
0.0408235
0.0210163
0.0614373
0.0467639
0.040603
0.0664886
0.0548941
0.0383923
0.0275388
0.0182429
0.0464426
0.0522455
0.0199262
0.0300484
0.0368936
0.0181388
0.0180926
0.05168
0.0180355
0.102879
0.0630303
0.115882
0.0179542
0.0411223
0.01796
0.0179521
0.0816914
0.0632208
0.0179575
0.01795
0.0179508
0.0728747
0.017932
0.0321243
0.0455139
0.01872
0.0385099
0.0258099
0.0177101
0.0176143
0.047783
0.0172908
0.0686427
0.0167547
0.0889131
0.0160849
0.0825696
0.0427576
0.0425969
0.0417447
0.0666877
0.0606903
0.0883888
0.0512362
0.0745752
0.0509623
0.0179683
0.0497998
0.018366
0.0368321
0.0882333
0.0431309
0.0182948
0.0394388
0.0181869
0.0364587
0.0180901
0.0201386
0.0599395
0.0980919
0.109901
0.0439469
0.0504149
0.0753579
0.0179546
0.0598412
0.0179584
0.0242993
0.0179687
0.0179531
0.0193336
0.0643777
0.0669957
0.0395514
0.0178933
0.0480107
0.0178222
0.0564859
0.0176727
0.0385967
0.0453598
0.0501326
0.0169372
0.0292214
0.0163206
0.0589552
0.0221879
0.0574889
0.0223242
0.0276295
0.0263242
0.0209498
0.0169748
0.0175085
0.0179938
0.0183539
0.12038
0.0700575
0.0859493
0.0185925
0.0230557
0.0184233
0.0399633
0.0742674
0.0481733
0.128887
0.0181096
0.027889
0.117176
0.0671697
0.0652135
0.0996542
0.0873978
0.0220207
0.0179728
0.0507099
0.0285402
0.0660584
0.0179743
0.0430297
0.0179557
0.0179634
0.0179301
0.0330594
0.0441862
0.0178427
0.0501728
0.0582592
0.0678351
0.0174902
0.0870159
0.0171082
0.0484827
0.0305038
0.0162422
0.0712956
0.0272067
0.0782128
0.0269176
0.0376978
0.0207686
0.0679249
0.0192979
0.0192514
0.0360374
0.0982263
0.0192006
0.0427776
0.0189617
0.0768165
0.0391114
0.0664084
0.0773804
0.113767
0.0182119
0.0742979
0.0197094
0.0342599
0.0824726
0.0223234
0.087852
0.0179826
0.0527649
0.0179739
0.0635089
0.0565557
0.0199127
0.0352936
0.090826
0.053851
0.0588355
0.0179562
0.0179448
0.0202348
0.0341499
0.0374424
0.0316847
0.0614182
0.0239586
0.0266682
0.0261953
0.045027
0.0168119
0.0165111
0.0186961
0.0829151
0.0641424
0.042745
0.054414
0.109267
0.0247936
0.0229198
0.0218316
0.104354
0.0206815
0.0202734
0.0237549
0.019653
0.020442
0.0208162
0.0823024
0.0449035
0.0184379
0.124147
0.0182069
0.0879274
0.0180872
0.0180351
0.070313
0.0426474
0.0966642
0.03108
0.0179884
0.0445195
0.05619
0.0729878
0.0215493
0.0511675
0.0344364
0.0179759
0.109132
0.0774938
0.0783624
0.0429081
0.0178879
0.0602071
0.0349248
0.0314224
0.047451
0.0468335
0.0763492
0.0657053
0.0286334
0.0382081
0.0572651
0.0882877
0.0412637
0.0869874
0.0385838
0.0885879
0.0685006
0.0352324
0.0601885
0.0973297
0.0278799
0.0335823
0.0637669
0.0237224
0.0234955
0.121728
0.0189101
0.0459009
0.0816369
0.0261436
0.0640792
0.0470985
0.0530373
0.0602989
0.0630184
0.064428
0.02514
0.0280604
0.0179606
0.0471569
0.0179649
0.0179696
0.0892139
0.133387
0.0551187
0.132104
0.06974
0.0179732
0.0717224
0.0861515
0.0835631
0.0675222
0.0537573
0.0330359
0.0971018
0.0281044
0.070629
0.0718361
0.0464346
0.0212659
0.0282803
0.0206807
0.0929386
0.0529605
0.046078
0.0842965
0.0505881
0.0744763
0.0474085
0.0475198
0.0258227
0.0636503
0.021387
0.0205865
0.0693973
0.0346292
0.076501
0.0187175
0.0290569
0.0324252
0.0560034
0.018109
0.0180412
0.117035
0.0332219
0.0200612
0.0179453
0.0345879
0.0834054
0.0715173
0.0864417
0.0179828
0.0606468
0.0325941
0.0179891
0.0429372
0.0497677
0.0179971
0.0411053
0.0408906
0.0414797
0.0266699
0.0498747
0.0176905
0.0202543
0.0174365
0.0249465
0.0671792
0.0167717
0.0185736
0.0161486
0.0238088
0.0650436
0.0670668
0.0550888
0.0924685
0.0446374
0.0687012
0.0371564
0.0275594
0.0525571
0.0270745
0.0220913
0.0210239
0.0201926
0.0207079
0.0562688
0.0187366
0.0188214
0.0647461
0.0480826
0.0410553
0.0207467
0.040442
0.0241427
0.0473975
0.0667146
0.0607243
0.0179494
0.0179633
0.0179659
0.0807153
0.031253
0.018001
0.0259478
0.0183857
0.036204
0.0936115
0.0516149
0.0179764
0.05009
0.0178989
0.0212668
0.0177325
0.0582402
0.0518768
0.0207018
0.017064
0.0396334
0.0310295
0.0241302
0.0158477
0.0837082
0.0785889
0.0660352
0.0664519
0.0630373
0.0723296
0.0393535
0.0418385
0.0622013
0.0852549
0.0227238
0.0249113
0.0698728
0.0266037
0.0427744
0.0187199
0.0266309
0.0182389
0.0355353
0.0792496
0.0266675
0.0505018
0.0808282
0.0850101
0.0330258
0.0179408
0.0620344
0.0258476
0.017962
0.0215524
0.0324009
0.0180167
0.0312959
0.0378241
0.0206652
0.0648694
0.0322514
0.0179992
0.0179727
0.0750128
0.040204
0.04156
0.0543366
0.0197362
0.0292862
0.0418245
0.0224897
0.0406199
0.0812798
0.0409946
0.110074
0.0976303
0.0794944
0.0873097
0.0698964
0.0437345
0.0370086
0.0319882
0.0282043
0.0698122
0.0586469
0.0791508
0.0205261
0.0597761
0.0335337
0.0186612
0.0312603
0.01818
0.0180513
0.0179672
0.0584737
0.0461047
0.0468677
0.0178914
0.0527806
0.0179153
0.0519788
0.0839778
0.047669
0.040409
0.0180115
0.0210599
0.025416
0.076102
0.0647615
0.065765
0.0404219
0.0180405
0.0180134
0.0773589
0.0804405
0.0178279
0.0177166
0.0298651
0.0833513
0.0376536
0.0372003
0.0598274
0.0591166
0.0159992
0.148163
0.123459
0.0962773
0.0762836
0.0748521
0.0488221
0.0403329
0.0738986
0.0294749
0.0653037
0.0406832
0.0218287
0.0338928
0.025342
0.0189966
0.0285195
0.0252814
0.0180886
0.0179718
0.0356911
0.0189774
0.0725228
0.0178629
0.0628965
0.0626988
0.0690482
0.0395536
0.0321753
0.0179744
0.017998
0.0229402
0.0656414
0.0285155
0.053496
0.0722213
0.018095
0.018091
0.0180852
0.0278612
0.0421001
0.0710728
0.0551377
0.0177888
0.0176538
0.0707073
0.0172806
0.0677888
0.0588166
0.0164347
0.0527827
0.203872
0.159409
0.117484
0.0901567
0.0690633
0.0541848
0.053443
0.0359743
0.030519
0.0415434
0.0420405
0.0218265
0.0653689
0.0783712
0.0323375
0.0184204
0.0347068
0.0352609
0.0679228
0.0697347
0.0581162
0.0697511
0.0178325
0.0244455
0.0205038
0.0697224
0.028508
0.0481613
0.0652211
0.042428
0.038293
0.0800722
0.0180806
0.0181005
0.0462826
0.030125
0.0495404
0.0236586
0.0370808
0.060347
0.0422743
0.0644474
0.0183707
0.0389021
0.0189063
0.0173872
0.0666311
0.0168635
0.0669273
0.0451771
0.289317
0.210756
0.144204
0.106541
0.0786721
0.0596807
0.0466427
0.0650345
0.0312723
0.0503148
0.0237761
0.0216548
0.0571693
0.073498
0.0186245
0.0320874
0.0179889
0.0526202
0.0613699
0.0177574
0.0478567
0.0483803
0.0178007
0.0617675
0.0576426
0.0516834
0.0330966
0.0179549
0.0226807
0.0389098
0.0180445
0.0180758
0.0288265
0.0181294
0.0289945
0.0181713
0.0181845
0.0241453
0.0181826
0.0370696
0.0295976
0.0345351
0.0179746
0.0178558
0.0177042
0.0175128
0.0577313
0.0222404
0.0849552
0.0654603
0.442107
0.289903
0.178379
0.125539
0.0891353
0.0652445
0.0494596
0.0645563
0.0316834
0.0442877
0.0252499
0.0227703
0.0455911
0.0784943
0.0388312
0.0396556
0.0451681
0.053901
0.0343701
0.0469204
0.0383734
0.0670819
0.0309563
0.0900254
0.0292771
0.0282067
0.0179205
0.056735
0.0179906
0.0231814
0.0250898
0.0424732
0.0181275
0.0365309
0.0181881
0.0299955
0.0443307
0.0182498
0.0310276
0.065665
0.0182136
0.0515019
0.0355991
0.0514018
0.0331207
0.0176587
0.0210049
0.0171696
0.0868967
0.0376167
0.72486
0.434345
0.229785
0.148237
0.100198
0.07044
0.0527126
0.0395377
0.0315777
0.026325
0.0480331
0.0206672
0.0362807
0.0184303
0.0306253
0.0176814
0.0175588
0.0175221
0.0175349
0.0614584
0.0204683
0.0523586
0.0177307
0.0460573
0.0189392
0.0192743
0.0244512
0.0607327
0.017996
0.0467376
0.0393354
0.0181134
0.0580837
0.0244749
0.0182269
0.0313508
0.0293951
0.0183147
0.0183298
0.0299033
0.0735119
0.102965
0.0182165
0.0357585
0.0582372
0.0509516
0.0433865
0.0173575
0.0302595
0.0306362
1
0.99615
0.448309
0.163496
0.102901
0.0683135
0.0693431
0.0588667
0.0453263
0.0237143
0.0679325
0.0352046
0.0176134
0.0169844
0.0233112
0.0165261
0.0341226
0.0165273
0.0606608
0.0591859
0.0167346
0.0239228
0.0243848
0.0310879
0.0598954
0.0318115
0.0352061
0.0479815
0.0518946
0.017206
0.0172456
0.0203923
0.0798772
0.0487699
0.0199494
0.0333438
0.0174927
0.048731
0.0246967
0.0175603
0.0518392
0.0884347
0.0187864
0.0174082
0.0353933
0.0503901
0.0479768
0.0166985
0.037705
0.0494527
1
0.848413
0.319643
0.147302
0.0811259
0.0502645
0.0342849
0.0253997
0.0309045
0.0257384
0.0218116
0.0142432
0.0197271
0.0134302
0.0169316
0.0133563
0.0134189
0.0406564
0.0244478
0.0136892
0.0380208
0.0138486
0.0386917
0.0340062
0.0382148
0.018656
0.0257955
0.031193
0.0410684
0.0247309
0.0142538
0.0198182
0.025418
0.0264174
0.0144089
0.0375854
0.0302995
0.050641
0.0145485
0.0238945
0.0145699
0.0276604
0.0169694
0.0206458
0.0295669
0.0142373
0.0433289
0.0138501
0.0284975
0.0132774
0.217173
0.0917952
0.0461778
0.040876
0.023243
0.0241029
0.0116409
0.0340539
0.0166495
0.0158584
0.00932195
0.00614333
0.0124119
0.00917781
0.0196426
0.00836692
0.00419318
0.0158858
0.0185808
0.00405126
0.0103811
0.0250261
0.00964008
0.0119395
0.0125836
0.00866036
0.0240323
0.00464148
0.0122144
0.0177855
0.0262767
0.0120281
0.0160066
0.0106027
0.00567155
0.00476881
0.00967609
0.00477341
0.00898293
0.00979833
0.0114646
0.0073184
0.00477046
0.00509271
0.00476616
0.00635315
0.0083796
0.0105174
0.0047571
0.00475494
0.00475483
0.0124252
0.00598186
0.0136011
0.00474623
0.00474366
0.00474404
0.0107861
0.00474016
0.00473952
0.00542034
0.0124851
0.00473608
0.0131203
0.0063988
0.0120857
0.00950901
0.00743754
0.00473064
0.0112475
0.00472855
0.00552467
0.00472713
0.00472735
0.00571259
0.0103126
0.00472532
0.00589596
0.00472503
0.00602007
0.00679708
0.00472255
0.010969
0.00472275
0.00472396
0.00472241
0.00472242
0.00904005
0.00866711
0.00472374
0.00472245
0.00472289
0.0047229
0.00472292
0.0047224
0.00472398
0.0047222
0.00558483
0.00474986
0.0167875
0.172452
0.0676981
0.0436132
0.0293679
0.0210695
0.0157893
0.0122096
0.00967765
0.00783392
0.00648085
0.00549944
0.007215
0.00436189
0.00557571
0.0102286
0.00512647
0.0119079
0.00901641
0.00413779
0.0110956
0.00432057
0.0128635
0.0140682
0.00455182
0.00461121
0.00466181
0.00957311
0.00959632
0.00476721
0.0047908
0.00480866
0.00482347
0.00483352
0.0100754
0.00762089
0.00587998
0.00485522
0.00605959
0.00485601
0.00485559
0.00812025
0.00601591
0.00925869
0.0072826
0.0048498
0.00803984
0.00484671
0.00572116
0.00693408
0.00484121
0.00483881
0.00483753
0.00483688
0.00483403
0.00781391
0.0101972
0.00665774
0.0103678
0.00482849
0.00482831
0.0108489
0.00680077
0.0091096
0.00482396
0.00482207
0.0107763
0.0057287
0.00824985
0.00516668
0.00481826
0.00742523
0.00481749
0.00481695
0.00481561
0.00843115
0.00847948
0.0048147
0.00699526
0.00481487
0.0125206
0.00481163
0.00481413
0.00481085
0.0116236
0.0126501
0.00481125
0.0103777
0.00481276
0.00481104
0.00564503
0.00481088
0.00481049
0.00481043
0.00481043
0.00481062
0.0048112
0.00481115
0.00481375
0.00483727
0.0233456
0.114698
0.0526989
0.0402335
0.0281976
0.0209882
0.0160245
0.0125692
0.0100697
0.00823451
0.00687549
0.00588273
0.0141231
0.0125242
0.00440922
0.00490712
0.00976734
0.00714546
0.00512979
0.00816612
0.00435917
0.00442943
0.00971111
0.00968116
0.00461798
0.00571544
0.00767608
0.00681911
0.00477285
0.00479784
0.00481689
0.00561658
0.0113418
0.00485262
0.00640475
0.00486427
0.00486763
0.00767695
0.010335
0.0118522
0.00487261
0.00535254
0.00486944
0.00820636
0.008721
0.00486426
0.0107056
0.00486154
0.00486163
0.00631602
0.011536
0.00865996
0.0065729
0.0048542
0.0048539
0.00485118
0.00485122
0.00485104
0.00484953
0.00484775
0.00484668
0.00484686
0.00484531
0.00484536
0.00673809
0.00853339
0.00943998
0.00484234
0.00484205
0.00714711
0.00612162
0.0144558
0.00584358
0.00716132
0.00483915
0.00590204
0.00483648
0.00943523
0.00483595
0.00483582
0.0110492
0.00483625
0.00483417
0.00584229
0.00982569
0.00483393
0.00483382
0.00483352
0.00483365
0.00483321
0.00483359
0.00483308
0.00483341
0.00483334
0.00483327
0.00483266
0.00483418
0.00483328
0.00483508
0.00669059
0.0207516
0.0831348
0.0444445
0.0369351
0.0268113
0.0206156
0.0160517
0.0127806
0.0103611
0.00855918
0.00721506
0.00622038
0.0158566
0.0117482
0.00469286
0.00526332
0.00440846
0.00437709
0.00438645
0.00442314
0.0052365
0.00931317
0.0115576
0.0130424
0.00512067
0.00951326
0.00561255
0.00476392
0.00478708
0.00480572
0.00482166
0.0108223
0.00791248
0.00802827
0.00485555
0.00485826
0.00823908
0.00512851
0.00597959
0.00553495
0.00640232
0.0100049
0.00524654
0.0082655
0.00622022
0.00485906
0.00777322
0.00485629
0.00485432
0.00485379
0.00898214
0.00485215
0.00485157
0.00629946
0.00484839
0.00967996
0.00484871
0.0109325
0.00586353
0.0077306
0.00832208
0.00484489
0.00633637
0.00484387
0.00484504
0.00621829
0.00484281
0.00750434
0.00612993
0.0048424
0.00484092
0.00484064
0.00506399
0.00484027
0.0118279
0.00591261
0.00483928
0.0148571
0.011177
0.00483776
0.00483558
0.0048359
0.00884717
0.00694524
0.0048364
0.00483351
0.00483579
0.00483376
0.00483413
0.00805734
0.00483398
0.00483335
0.00483361
0.0048335
0.0048334
0.00483319
0.00483242
0.00483149
0.00483555
0.00674603
0.0230504
0.0646576
0.0456013
0.0339919
0.0255148
0.0201686
0.0160015
0.0129343
0.0106125
0.00885796
0.00753383
0.00654388
0.0216929
0.00984836
0.00605687
0.0141767
0.00462393
0.0108814
0.00454753
0.00455479
0.0085636
0.00568323
0.00464554
0.00930576
0.00471211
0.00474088
0.00476429
0.00478488
0.00480204
0.00586231
0.00590185
0.00727045
0.0048424
0.0119762
0.0058385
0.00762907
0.00485555
0.00695368
0.00707053
0.00485716
0.00618031
0.00876614
0.00688706
0.00671954
0.00485396
0.00799921
0.00697336
0.00485047
0.0063406
0.00516877
0.0138505
0.00484809
0.00915075
0.00484612
0.00581512
0.0093746
0.00614118
0.00484522
0.0101573
0.00620212
0.00921354
0.0072231
0.00484282
0.00484316
0.00484161
0.00484408
0.00831311
0.00805713
0.0053316
0.0138192
0.00483955
0.00484156
0.00527408
0.00483995
0.00483984
0.0109435
0.00483858
0.00483775
0.00718168
0.00483599
0.00483692
0.00878896
0.00917047
0.00671379
0.00483546
0.00483504
0.00483505
0.00483489
0.00814611
0.00483463
0.00483407
0.00483355
0.00483298
0.00483283
0.00483269
0.00483243
0.0048325
0.00483224
0.00483531
0.00749538
0.0257903
0.0523679
0.0359162
0.0314073
0.0243482
0.0196953
0.0159102
0.0130478
0.0108318
0.00941941
0.00974351
0.00685508
0.00792893
0.00777508
0.00523432
0.004991
0.00483771
0.00997783
0.0150856
0.00536968
0.00789362
0.00923476
0.00472255
0.00473953
0.00483584
0.00962727
0.0071637
0.00480689
0.0048193
0.00482652
0.00647047
0.00483923
0.00484285
0.00484683
0.00484743
0.0106001
0.00845604
0.0105921
0.00485088
0.00622731
0.00484887
0.00484919
0.0048993
0.00484756
0.00860708
0.00484511
0.00484592
0.00484453
0.0119947
0.00484403
0.0048448
0.00484254
0.00484298
0.00484245
0.00691833
0.00540602
0.00484182
0.00484215
0.00484187
0.0048421
0.00484171
0.00823848
0.00826644
0.00508226
0.00484198
0.00644067
0.00484114
0.00484029
0.00806685
0.00483937
0.0112367
0.00956354
0.00484068
0.00483925
0.00483858
0.00923864
0.00483893
0.00483886
0.0118115
0.00504112
0.00483641
0.0048374
0.00483561
0.00783901
0.00652599
0.00483547
0.00483573
0.00716672
0.00483562
0.00993596
0.00483566
0.0048332
0.0048334
0.00483323
0.00483303
0.00483276
0.00483277
0.00483262
0.00701705
0.00792911
0.0295713
0.0614666
0.0330493
0.0291661
0.0233032
0.0192278
0.0157942
0.0131263
0.0110258
0.00938834
0.00812031
0.0071497
0.00641858
0.0151205
0.00549241
0.00969007
0.0050442
0.00994558
0.00562422
0.00574942
0.00961896
0.00479517
0.00479645
0.00680798
0.00480825
0.00481606
0.00482278
0.00482883
0.00483338
0.00483796
0.00484081
0.00797857
0.00484346
0.0101213
0.0048457
0.00484475
0.00855347
0.00484522
0.00679695
0.00484284
0.00484296
0.00484119
0.00484131
0.004955
0.00484056
0.00793891
0.00483877
0.00483987
0.00721189
0.0048399
0.00883054
0.0048382
0.00483833
0.00852349
0.00483839
0.00483855
0.00483953
0.00483967
0.00483976
0.00483862
0.00510235
0.00874858
0.00556516
0.0067423
0.00493407
0.00484065
0.00483901
0.00483943
0.00484028
0.0116537
0.00611292
0.0068872
0.00835266
0.00483964
0.0090907
0.00483907
0.00483808
0.00674132
0.00484008
0.00546867
0.00824952
0.00483645
0.00483714
0.00483684
0.0048365
0.00483753
0.0116911
0.00805359
0.00775793
0.0062266
0.00594589
0.00493589
0.00483511
0.00483486
0.00483463
0.00483439
0.00601046
0.00551988
0.00483513
0.0088681
0.031687
0.0380969
0.0306842
0.0272668
0.0524436
0.0397254
0.0367288
0.0133268
0.0187611
0.00962528
0.00838508
0.0107226
0.0158779
0.00614576
0.0136207
0.00544966
0.00796947
0.00797288
0.00549095
0.00495071
0.00491107
0.0065201
0.00487258
0.00585605
0.0073455
0.00485465
0.00485305
0.00485156
0.00485033
0.0127777
0.0048479
0.00718889
0.00484476
0.00484261
0.00557874
0.00645336
0.00483805
0.00540559
0.00871872
0.00483583
0.00483546
0.00610292
0.00722225
0.00672524
0.00483454
0.00535128
0.00956871
0.00848878
0.00483263
0.00483282
0.00483577
0.00483325
0.00483506
0.00555398
0.00483509
0.0048356
0.00483544
0.00784401
0.00483586
0.00483614
0.0132213
0.00483843
0.00578549
0.0048381
0.00483978
0.0126478
0.00483839
0.0131512
0.0127185
0.00483992
0.00609841
0.00483828
0.00546041
0.00826656
0.00836353
0.00617329
0.00521547
0.00483882
0.00598208
0.00483881
0.0071283
0.00483818
0.00520115
0.00483748
0.00483749
0.0048366
0.00740284
0.00483604
0.00483519
0.0108295
0.004835
0.00483504
0.00483509
0.00483484
0.00483458
0.00483432
0.00483397
0.00483303
0.00483534
0.00872742
0.0348321
0.0558001
0.0286883
0.0256562
0.0350695
0.0183389
0.030915
0.013227
0.0113506
0.0177212
0.0086435
0.0239084
0.0103318
0.0104445
0.00598125
0.00903331
0.00806074
0.00527623
0.00765442
0.0173217
0.00501809
0.00593456
0.00584557
0.00492506
0.00567523
0.00489417
0.00488291
0.00487365
0.00486553
0.00485903
0.00485431
0.00484964
0.00484516
0.00550208
0.00908192
0.00483479
0.0113099
0.00483116
0.00602591
0.0051632
0.00771732
0.0135711
0.00482725
0.00482771
0.00717645
0.00482735
0.00482753
0.00658791
0.00741223
0.00482856
0.00583245
0.00483103
0.00482991
0.0050126
0.00483097
0.00775152
0.0141474
0.00852175
0.00503502
0.00483414
0.00645732
0.0048355
0.00483515
0.00483579
0.00483571
0.00582115
0.00483676
0.00483737
0.00527358
0.014998
0.0113242
0.00483849
0.00483722
0.0048406
0.00635718
0.00483918
0.00483885
0.0074353
0.00483897
0.00483828
0.00820144
0.00483803
0.00552175
0.00858896
0.00483913
0.00759018
0.00483677
0.00893817
0.00859791
0.00558687
0.00483552
0.00483572
0.00483496
0.00483471
0.00483444
0.00483422
0.00512658
0.0048335
0.00483656
0.00932945
0.0353496
0.0308128
0.0270149
0.0243028
0.0766718
0.0522472
0.0245098
0.0132547
0.0175272
0.01004
0.0112615
0.0351243
0.00722058
0.0228104
0.00621002
0.008618
0.00633317
0.00801487
0.00530335
0.0124688
0.0176193
0.00781187
0.00501999
0.00498201
0.0123936
0.0050888
0.0049109
0.00501942
0.0074792
0.00636239
0.00485965
0.00485178
0.00484536
0.0102041
0.00483358
0.0111837
0.00748544
0.0107505
0.0048215
0.00482275
0.00832685
0.00570321
0.00481963
0.00481936
0.00680378
0.00482017
0.00845962
0.00482135
0.00482213
0.004823
0.00482468
0.00482344
0.00690151
0.0117901
0.00482815
0.00482827
0.00551354
0.0048301
0.0048298
0.00483158
0.00833355
0.00483201
0.00638835
0.00483406
0.00483498
0.0140817
0.0048357
0.00483689
0.0107451
0.00639916
0.00522553
0.0117519
0.00483868
0.00483771
0.00483887
0.00483755
0.00483863
0.00483915
0.00483868
0.00610091
0.00591623
0.0080257
0.00838585
0.00483786
0.0048381
0.00818611
0.0056978
0.00483675
0.00483665
0.0048375
0.00483582
0.00483601
0.00483525
0.00483502
0.00483473
0.00483454
0.00483484
0.00483384
0.00483685
0.00912999
0.0362008
0.0498511
0.0255597
0.0231574
0.0493185
0.0175858
0.0292505
0.030611
0.0376295
0.0630163
0.00909934
0.0667594
0.00776338
0.0289788
0.0090344
0.0120981
0.0058116
0.00569797
0.00544639
0.020353
0.0182663
0.00515165
0.00508838
0.00586498
0.00500076
0.00496892
0.013806
0.00860263
0.00489626
0.00781089
0.00486668
0.00631264
0.00585634
0.0112139
0.00482985
0.00482438
0.00482115
0.0103769
0.0048161
0.0048136
0.00481262
0.00805573
0.00664334
0.010466
0.00552272
0.00481455
0.00662588
0.00481528
0.00496668
0.00481786
0.00481833
0.00822071
0.00636667
0.00482282
0.00482337
0.0125088
0.00802421
0.00482679
0.00482798
0.00482925
0.0076579
0.00483209
0.00540758
0.00483361
0.00483337
0.00483472
0.00637723
0.00664074
0.00483503
0.00483779
0.00995944
0.00572461
0.0109486
0.0048389
0.00883404
0.00590946
0.0048377
0.00483751
0.00483901
0.00769981
0.00483872
0.00661125
0.00483825
0.00483631
0.00483797
0.00483718
0.0078374
0.00887265
0.00483669
0.00483628
0.00483627
0.00483593
0.00483594
0.00483573
0.00483546
0.00483527
0.00483482
0.00483405
0.0048375
0.0144374
0.0370226
0.0279526
0.0243542
0.0580529
0.0195747
0.0172659
0.0151236
0.0246275
0.0244593
0.027437
0.0373375
0.0133347
0.00767957
0.0161437
0.0115575
0.00627211
0.00598596
0.00575899
0.00557972
0.00634444
0.0132875
0.00552145
0.0102528
0.00774868
0.00504791
0.00500246
0.00496738
0.00493718
0.0049103
0.00616547
0.0103427
0.00508086
0.00484409
0.00532492
0.00482469
0.00481813
0.00936762
0.00481063
0.00480661
0.00480552
0.00912882
0.00480543
0.00480412
0.00480474
0.00480632
0.00734237
0.0048078
0.00674091
0.00481147
0.0048114
0.00481433
0.0103217
0.0114309
0.0048173
0.00482135
0.00481982
0.00482295
0.00482553
0.00495301
0.00482649
0.0048287
0.00623567
0.00602719
0.00483099
0.00483263
0.00483268
0.0100854
0.0114167
0.00855766
0.00483485
0.00483639
0.00483584
0.00483871
0.00897356
0.00943626
0.00483721
0.00483851
0.00654871
0.00483849
0.00487868
0.00483904
0.00852281
0.0085935
0.00483802
0.00863905
0.00483735
0.00483746
0.00483679
0.00579996
0.00483535
0.00483624
0.00483641
0.00483564
0.00483545
0.00483517
0.0048359
0.00483621
0.00864948
0.00483618
0.0094861
0.0351517
0.0473984
0.0264096
0.0213494
0.0190605
0.0201855
0.0311594
0.013437
0.0287363
0.0131206
0.036456
0.0516677
0.00907156
0.051602
0.0119384
0.0190181
0.00655844
0.00590617
0.00571055
0.00554846
0.014404
0.00717537
0.00861655
0.00525287
0.00508875
0.00503769
0.013566
0.00738142
0.00492324
0.00632637
0.00487633
0.00485692
0.00777086
0.00964903
0.00481931
0.00481024
0.0155929
0.00480213
0.00597756
0.00810504
0.00892837
0.00479608
0.00848224
0.00479794
0.00877227
0.0104625
0.00560556
0.00783694
0.00480535
0.00702561
0.00480812
0.00822781
0.0050453
0.00678537
0.00481594
0.00481936
0.0048199
0.00482137
0.00482405
0.00482393
0.00482498
0.00482898
0.00482908
0.00968613
0.00483059
0.00769633
0.00483275
0.0101873
0.00603536
0.00483493
0.00483601
0.00483558
0.00896382
0.00483859
0.00702009
0.00483803
0.00483776
0.00808594
0.00659353
0.00483747
0.00522992
0.0122843
0.00483958
0.0108387
0.00861798
0.00757266
0.00483759
0.00483729
0.00724422
0.00483663
0.00483717
0.00483647
0.00483572
0.00483558
0.00483574
0.00483429
0.00483546
0.00483578
0.00483829
0.0195872
0.0306996
0.0993814
0.0224138
0.0395454
0.0255449
0.0293779
0.0155635
0.0279715
0.0641944
0.0283217
0.0150174
0.0420164
0.0463055
0.0236409
0.0298123
0.027658
0.0136084
0.00604565
0.00583231
0.00565617
0.00551062
0.00538836
0.00958182
0.00520043
0.00685289
0.00953089
0.00501669
0.00497138
0.00493515
0.00490414
0.00487563
0.00485638
0.0153442
0.00482274
0.00560446
0.00480468
0.00628636
0.00479361
0.00478895
0.00927005
0.00478571
0.00689933
0.00478757
0.00810835
0.00479143
0.013771
0.00479449
0.00479648
0.00479905
0.00480147
0.00480478
0.0101049
0.00531877
0.00481097
0.00481363
0.00710918
0.00592287
0.00481933
0.00810749
0.00482371
0.00869073
0.00482456
0.00482946
0.0114246
0.00648005
0.00696627
0.00845302
0.00981679
0.00546122
0.0111228
0.00528045
0.00637711
0.00516327
0.00483587
0.00684769
0.00483523
0.0165111
0.00483809
0.0048376
0.00483733
0.0102737
0.0108102
0.00780778
0.00653808
0.00599244
0.00483742
0.00483828
0.00483668
0.00483688
0.00483642
0.00483641
0.00483657
0.00483622
0.00483609
0.00483557
0.00483643
0.00483462
0.0048353
0.00483643
0.0136266
0.0303457
0.0997089
0.0412243
0.0340261
0.018229
0.0164699
0.0740282
0.0565752
0.0119814
0.0111528
0.0469846
0.0675666
0.00827229
0.063423
0.0167054
0.0240571
0.0064571
0.0106391
0.00670246
0.00575553
0.00559682
0.00637781
0.00534594
0.00524814
0.00632262
0.00509791
0.00503601
0.00498655
0.00494391
0.00589049
0.00487932
0.004853
0.00717845
0.00481831
0.00480486
0.00877732
0.00478912
0.004783
0.00477948
0.00477835
0.00477702
0.00477764
0.0078879
0.00534228
0.00767768
0.00478405
0.00767335
0.00843834
0.00479366
0.00634341
0.00479876
0.00929615
0.00529767
0.00542958
0.00480983
0.00481326
0.00740775
0.0118842
0.00482096
0.0055273
0.00482319
0.00482563
0.00673709
0.00746655
0.00482907
0.00483044
0.0106135
0.00483239
0.00483164
0.00483399
0.00483505
0.00821717
0.0118377
0.00483623
0.00554077
0.00483718
0.00759552
0.00483785
0.00483693
0.00644189
0.00805205
0.00483705
0.00709994
0.00569841
0.00738032
0.00483693
0.00483722
0.00483693
0.00483632
0.00483757
0.00483452
0.00549562
0.00483659
0.00483651
0.00897447
0.00809691
0.0048354
0.00483504
0.00483873
0.0166672
0.0293254
0.0222886
0.0563084
0.019548
0.0178872
0.026071
0.064257
0.0191147
0.030174
0.0170301
0.0430362
0.0179179
0.0719338
0.0259965
0.0183822
0.0181321
0.00659518
0.00630251
0.0060563
0.00585
0.00940823
0.00805094
0.00539983
0.00542453
0.00520052
0.00512017
0.00812786
0.00939665
0.00495198
0.0137907
0.00510785
0.0048514
0.0146433
0.00803162
0.00479679
0.00478614
0.00477866
0.00477217
0.00476961
0.00476946
0.00476671
0.00476922
0.00595232
0.00477225
0.00477446
0.00477924
0.00866334
0.00478355
0.00478808
0.00479061
0.00479666
0.00479816
0.00502468
0.00480501
0.00744047
0.0126089
0.00481395
0.00481471
0.00855109
0.00537095
0.00662511
0.00886866
0.00482681
0.00482717
0.00599625
0.00483026
0.00483071
0.00483036
0.0048325
0.0108718
0.00483505
0.00764249
0.0122104
0.00483454
0.00613879
0.00483627
0.0133628
0.00483811
0.00941867
0.00483697
0.00583957
0.00483896
0.00483609
0.00666025
0.00898701
0.00483731
0.00523559
0.00483683
0.00483654
0.00483654
0.00483614
0.00483633
0.00483605
0.00483598
0.00483558
0.00653233
0.00646263
0.0050781
0.00711008
0.0174769
0.0217203
0.0357335
0.0594713
0.0191026
0.0176068
0.0160976
0.0391452
0.0755926
0.0126738
0.0110587
0.0446328
0.0716782
0.0086022
0.0560638
0.00752
0.00708615
0.00672456
0.00641823
0.0102947
0.00593506
0.0121128
0.015959
0.00544859
0.00981833
0.00636999
0.00514576
0.0216505
0.0133334
0.00495705
0.0049119
0.00487747
0.00659999
0.00617959
0.00608411
0.00661627
0.00685652
0.00749128
0.00476194
0.00476008
0.00475702
0.00475738
0.00711318
0.00655586
0.0102946
0.00476719
0.00476932
0.00578332
0.00477861
0.00478371
0.00613537
0.0115766
0.0047963
0.00521176
0.0050959
0.00775793
0.0127574
0.00703661
0.00687454
0.00481652
0.00481939
0.00482182
0.00482263
0.0124038
0.00809972
0.00482828
0.00482875
0.00610527
0.00483186
0.00483276
0.00483377
0.00679393
0.00483523
0.0102
0.00496384
0.00483481
0.00535463
0.00483639
0.00483638
0.00902605
0.00483688
0.00654441
0.00483692
0.00874737
0.00483663
0.00483801
0.00483629
0.012601
0.00483648
0.00762542
0.00483612
0.00483667
0.00483602
0.00483541
0.00483542
0.00483662
0.00530976
0.00483498
0.00483522
0.0048393
0.0151899
0.030302
0.0277267
0.0200046
0.0187375
0.0173502
0.0359632
0.0657186
0.0199158
0.0362267
0.0407686
0.0102463
0.0143809
0.0285461
0.00816919
0.0177173
0.00721904
0.00848675
0.00652507
0.00767686
0.00601653
0.00996581
0.00564294
0.00563458
0.00536524
0.00525641
0.0109137
0.00822766
0.00905867
0.00755897
0.00901963
0.00887937
0.0048395
0.00592843
0.00479266
0.0118519
0.010097
0.00475773
0.00475014
0.00867183
0.00474684
0.00474741
0.0047484
0.00661194
0.00475628
0.00651416
0.0063297
0.00476859
0.0068769
0.00880705
0.004782
0.00478764
0.00479078
0.00479643
0.00479901
0.00480236
0.0127728
0.00763592
0.00541362
0.00697282
0.00741614
0.00481982
0.00482245
0.00482474
0.00610527
0.00633559
0.00482893
0.00483058
0.0048318
0.00483307
0.00483273
0.00483371
0.00483312
0.0140358
0.00557575
0.00555757
0.00791274
0.00483561
0.00670255
0.00893854
0.0048356
0.0130392
0.00839773
0.00483533
0.00483702
0.00483562
0.00483547
0.0107483
0.00483621
0.00643166
0.0048359
0.00483556
0.00483582
0.00483528
0.0048357
0.00483435
0.00483673
0.00483504
0.0048357
0.00483735
0.0139305
0.0202014
0.0727409
0.106384
0.018433
0.0171328
0.0417911
0.022264
0.013353
0.0122651
0.0260823
0.0103775
0.0525403
0.0128489
0.0385744
0.00778776
0.00734132
0.00854312
0.00662321
0.00633733
0.0087794
0.00809625
0.00569107
0.00615225
0.00539625
0.00527923
0.00517946
0.00722696
0.00501824
0.00495918
0.00490756
0.00486534
0.00483031
0.00480476
0.0150688
0.0047654
0.00617558
0.007387
0.0049175
0.00473644
0.00473503
0.00473832
0.00473851
0.00474228
0.00474597
0.00475212
0.00475553
0.00476206
0.0122397
0.00477326
0.00477763
0.00814472
0.00478737
0.00479352
0.00479648
0.0062692
0.00650496
0.00517097
0.00743406
0.00481422
0.0113159
0.00482036
0.00832429
0.00784009
0.00482548
0.0065787
0.00482868
0.00833947
0.00678475
0.00483154
0.0048321
0.00607848
0.0048345
0.00883727
0.00528491
0.00526609
0.00483562
0.00483492
0.00702205
0.00483652
0.00483595
0.00843178
0.00483434
0.00483588
0.00483534
0.00483567
0.00483717
0.00483554
0.00483635
0.00483567
0.00486347
0.00483677
0.00483529
0.00483557
0.00483535
0.00483628
0.00483518
0.00483519
0.00483686
0.00483801
0.0146804
0.0224701
0.0202398
0.0505682
0.0181778
0.0321549
0.0594655
0.0240892
0.0133868
0.0639791
0.0205908
0.0544008
0.00971988
0.0188776
0.0223194
0.0079107
0.0128059
0.00705669
0.0176148
0.00641454
0.00615531
0.0059299
0.00573649
0.00556767
0.0122246
0.00719979
0.012426
0.0050979
0.0113437
0.0130396
0.00867969
0.00575953
0.00816563
0.0108601
0.0101375
0.00475445
0.00638382
0.00473343
0.00955514
0.00472475
0.00503693
0.00690962
0.00473033
0.00473306
0.00473922
0.00481338
0.0095543
0.00475596
0.0107933
0.00476632
0.00477467
0.00514882
0.00478447
0.00478911
0.00479365
0.00980593
0.00816089
0.00480675
0.00481139
0.00935062
0.00481656
0.00481956
0.00482167
0.00482486
0.00845264
0.00504008
0.00482875
0.0114546
0.00483131
0.0118359
0.00483268
0.0092806
0.00483374
0.00654309
0.00692404
0.00483437
0.00483492
0.00720922
0.00541534
0.00711978
0.00710281
0.00483565
0.00483637
0.00483608
0.00483588
0.0108712
0.00483447
0.00779746
0.0088808
0.00483496
0.0112657
0.00483372
0.00740533
0.00483591
0.00777055
0.00483384
0.00651707
0.00483656
0.00483649
0.00483807
0.0125913
0.0226758
0.0455419
0.0190143
0.0179572
0.016812
0.0185867
0.028686
0.0134037
0.0329161
0.0114388
0.0171786
0.0333562
0.0309352
0.0301829
0.00802058
0.0229018
0.00819616
0.010904
0.0126134
0.00621309
0.00597888
0.00577402
0.00581377
0.00544309
0.0154234
0.00978983
0.0102981
0.0050187
0.00495116
0.00489521
0.0116933
0.00785086
0.00478188
0.00988073
0.00474194
0.00472769
0.0110391
0.00683357
0.00482131
0.00539327
0.00471559
0.00472093
0.00472623
0.00857666
0.00473577
0.00474329
0.00475032
0.00475662
0.00836821
0.014316
0.00603924
0.00478193
0.00478792
0.0047919
0.0047991
0.00685242
0.00814771
0.00480964
0.00915106
0.00481564
0.00987402
0.0138921
0.00858731
0.00509278
0.0107954
0.00482897
0.00822671
0.00626293
0.00743999
0.00483317
0.00483311
0.0120277
0.00989802
0.00483323
0.00483581
0.00483468
0.0066977
0.00483574
0.004835
0.00483573
0.00483684
0.00483486
0.00483664
0.00483462
0.0130994
0.0097255
0.0102037
0.0125115
0.0106722
0.00895044
0.00483635
0.00483494
0.0048353
0.00483519
0.00520866
0.00483474
0.00483673
0.00483589
0.00483803
0.00995512
0.0224914
0.0376828
0.0446758
0.0455919
0.0224776
0.0683853
0.0144859
0.0226649
0.0259677
0.0162336
0.0372793
0.0256321
0.0116009
0.0300854
0.0188954
0.0106338
0.0105223
0.00686853
0.00654596
0.00626596
0.00988762
0.00931725
0.00562018
0.0146804
0.00707863
0.0142013
0.00870557
0.00778156
0.0180567
0.00488431
0.00678827
0.00656517
0.00476664
0.00540393
0.00472664
0.00471582
0.00470664
0.00470234
0.0047024
0.00470446
0.00470454
0.00573784
0.00471585
0.00472314
0.0047293
0.00473762
0.00617342
0.00475254
0.00475817
0.00476691
0.00477281
0.00477974
0.00478469
0.00479246
0.0102949
0.0129369
0.00531363
0.00480988
0.00481251
0.00529587
0.00483497
0.00965677
0.00605549
0.0107195
0.00482764
0.0123734
0.00483191
0.00600272
0.00483312
0.00661179
0.00788511
0.00483376
0.00781073
0.0105339
0.00483409
0.00942594
0.0048356
0.009948
0.00483573
0.00483542
0.0048352
0.00483537
0.00483543
0.0079179
0.00568387
0.00882968
0.00824834
0.00483446
0.00598232
0.00483483
0.00483467
0.00483598
0.00483567
0.00681809
0.00483385
0.00483689
0.00483548
0.00483555
0.0048395
0.00942067
0.0240121
0.0666621
0.0362575
0.0718109
0.0352977
0.0194767
0.0144807
0.036066
0.0125213
0.0126404
0.0143075
0.0336737
0.0202624
0.00875923
0.00821741
0.00903026
0.00730895
0.00693312
0.00694221
0.00825323
0.0109495
0.00583131
0.00563923
0.00820615
0.005325
0.0152543
0.012265
0.0141067
0.00493456
0.00792702
0.00482486
0.01075
0.00876438
0.00472932
0.00493966
0.00912463
0.00990442
0.00468966
0.00468938
0.00469178
0.00541919
0.00851008
0.00470786
0.00471528
0.00472338
0.00659935
0.00473873
0.0047485
0.00475605
0.00749554
0.00667869
0.00477592
0.00478354
0.00478957
0.00744174
0.00480002
0.00480434
0.00480766
0.00481254
0.0059249
0.00969481
0.0154748
0.00482376
0.00673089
0.00482807
0.0048291
0.00482996
0.00483158
0.00483169
0.00769039
0.00491509
0.0121465
0.00930617
0.00483332
0.00661358
0.00561579
0.00522952
0.00942942
0.00663058
0.00925087
0.00483488
0.00646349
0.00708834
0.0105157
0.00483671
0.0137683
0.00747143
0.00483499
0.00570598
0.00850919
0.00483584
0.00483503
0.00483515
0.00629736
0.00483754
0.00483459
0.00483702
0.0048354
0.00484017
0.00729007
0.0240874
0.0205675
0.0542107
0.0266067
0.0339678
0.0155164
0.0145068
0.0253735
0.0129036
0.0187711
0.0108837
0.0189906
0.00946373
0.00885188
0.00830101
0.00781315
0.00737695
0.0069902
0.0066474
0.00634878
0.00608267
0.00585078
0.00565065
0.00547608
0.00532744
0.00834944
0.0139134
0.00499727
0.00978287
0.00505307
0.00480861
0.00477003
0.00473755
0.0060823
0.00499776
0.0046877
0.00858716
0.00467616
0.0156128
0.00798486
0.00468534
0.00469179
0.0117649
0.0093949
0.00471798
0.00472587
0.00473355
0.00474327
0.00547324
0.00498214
0.00476758
0.00692076
0.00961074
0.0047881
0.0107274
0.00829341
0.00667993
0.00480814
0.0116497
0.00481525
0.0129198
0.0068643
0.00824567
0.00482488
0.00722408
0.00482785
0.0048312
0.0098526
0.00483154
0.010985
0.00483461
0.00553698
0.0048352
0.00483522
0.0118181
0.00553725
0.00483523
0.0100041
0.00483557
0.00526926
0.0107446
0.00793314
0.00483489
0.00669929
0.00483467
0.0108239
0.00483709
0.00483377
0.00754607
0.00483446
0.00483484
0.0048345
0.00483473
0.00483672
0.00483401
0.00483748
0.00483445
0.00513547
0.00483869
0.00666201
0.0245549
0.0617995
0.0305115
0.0368463
0.0433588
0.0162969
0.0334157
0.0462967
0.0126493
0.0117753
0.0109796
0.0140136
0.0095509
0.00893496
0.00838058
0.0115256
0.00743754
0.00703976
0.00866954
0.0154288
0.00610465
0.00586598
0.00565839
0.0115695
0.0090758
0.00519197
0.00508001
0.0148028
0.0049071
0.00587923
0.00584636
0.00856849
0.00472043
0.00641011
0.0046824
0.00501437
0.00466509
0.00639395
0.00696447
0.00466973
0.00501152
0.00945972
0.00469178
0.00932764
0.00753289
0.00741322
0.00987524
0.00628498
0.00474872
0.00475631
0.00528373
0.00718459
0.00706319
0.00478631
0.00550362
0.00479774
0.00540873
0.00872609
0.00481208
0.00863082
0.0137439
0.00662524
0.00482383
0.00482553
0.00482749
0.00482987
0.00482866
0.0129876
0.0048325
0.0117748
0.00483159
0.00924071
0.004833
0.00797867
0.014951
0.00483538
0.00483487
0.0069904
0.00980755
0.00666396
0.00483527
0.0092495
0.00483504
0.00483358
0.0112553
0.0118345
0.00527935
0.00483568
0.00483407
0.00591086
0.00483432
0.00483452
0.00483518
0.00483476
0.00483683
0.00483485
0.00483739
0.00483547
0.00484036
0.00589831
0.024939
0.0514538
0.0254237
0.0649162
0.0164778
0.0274044
0.0145611
0.0360296
0.0127053
0.0379389
0.0110565
0.0103146
0.00963513
0.00901509
0.00844971
0.00794478
0.00748917
0.00708232
0.00685724
0.00640249
0.00770516
0.0074399
0.00923862
0.00547513
0.00531613
0.00923451
0.00506494
0.00500314
0.00488974
0.00520683
0.00829845
0.00473274
0.0116737
0.00468019
0.00466516
0.00465595
0.0046517
0.00465173
0.00465451
0.00465956
0.00523801
0.00686449
0.008486
0.00954081
0.00470354
0.00471458
0.00694577
0.00473359
0.0047452
0.00475257
0.00792768
0.00477115
0.00919299
0.00478569
0.00479169
0.00681754
0.00787902
0.00480775
0.0107149
0.00540135
0.00607406
0.0048206
0.00482355
0.0048256
0.00482878
0.00482816
0.00632486
0.0109135
0.00483151
0.013138
0.00483468
0.00483156
0.00483511
0.00483428
0.0048344
0.00483508
0.0048351
0.00483397
0.00483494
0.00483477
0.00483423
0.00483504
0.00734653
0.00483428
0.00689561
0.00483386
0.00483555
0.00483407
0.00483447
0.0100678
0.00483489
0.00483593
0.00483634
0.00483545
0.00483552
0.00483692
0.0048362
0.00483802
0.0048379
0.00531208
0.0358259
0.065119
0.0606561
0.0176148
0.0205671
0.0182698
0.0295444
0.0509627
0.0127954
0.0119408
0.0147295
0.0104006
0.00971404
0.00908643
0.00851602
0.00834298
0.00808125
0.00711801
0.00674903
0.014558
0.00613095
0.00885904
0.00565912
0.0107154
0.00776015
0.013889
0.0139774
0.00809555
0.00486932
0.014193
0.00475202
0.00800603
0.00468176
0.00499849
0.00464802
0.0127705
0.00497075
0.00654857
0.00464022
0.00464668
0.00465714
0.00466491
0.00986001
0.00468832
0.00780278
0.0143295
0.00472071
0.00473034
0.0092094
0.00896245
0.00475952
0.013306
0.0100425
0.00862784
0.00498418
0.00479648
0.00480187
0.00480477
0.00481202
0.00773986
0.00481845
0.00481941
0.00482402
0.00482464
0.00482729
0.00628907
0.00482968
0.004832
0.00483202
0.0119277
0.0121697
0.00847188
0.0106857
0.00483281
0.00483473
0.00514609
0.0050079
0.00718507
0.00500421
0.00483521
0.00483485
0.00483443
0.00483423
0.00483467
0.00483426
0.0084094
0.0076093
0.00532969
0.00483536
0.00483449
0.00483629
0.00483564
0.00483648
0.00483655
0.00588518
0.00483587
0.0048382
0.0048363
0.00484096
0.00541531
0.0249746
0.0256914
0.0519611
0.0174885
0.0525978
0.0396788
0.0235688
0.0137514
0.0128676
0.0157302
0.0112278
0.0104805
0.00979051
0.0091541
0.00857415
0.00804877
0.00757286
0.00810347
0.00991048
0.00802602
0.0061363
0.0087464
0.0056486
0.00545308
0.00565905
0.0115614
0.00502647
0.00492696
0.00649795
0.00478073
0.00473068
0.00469028
0.0061659
0.00852953
0.0073743
0.00780082
0.00462059
0.00462369
0.00720218
0.00463681
0.00464449
0.0105464
0.0069232
0.00467963
0.0078278
0.00470416
0.00620319
0.00472663
0.00473849
0.0047473
0.00475825
0.0073514
0.00477484
0.00778237
0.0108204
0.00656989
0.0079517
0.00585065
0.00566713
0.0065068
0.00481679
0.00482111
0.0048235
0.0054137
0.00482566
0.00482815
0.00780474
0.00483218
0.00483092
0.00827407
0.00501106
0.00483275
0.0114986
0.00489034
0.00483518
0.00483374
0.00763843
0.010381
0.0078679
0.00631743
0.00483424
0.00819352
0.00763467
0.0055737
0.00483434
0.00817263
0.00483502
0.00483582
0.0114272
0.00483621
0.00483591
0.0048349
0.00483702
0.00483539
0.00483768
0.00483575
0.00483811
0.00483779
0.00483996
0.00933836
0.0400038
0.0281972
0.0225999
0.0174195
0.016549
0.0156497
0.0147282
0.0241151
0.0129536
0.0121743
0.0166137
0.0105605
0.00986202
0.00921712
0.0086268
0.0101159
0.00760776
0.00716976
0.0067832
0.00643833
0.0155127
0.00586554
0.007519
0.00543571
0.00526543
0.0051214
0.0111134
0.00490074
0.00482012
0.00475613
0.00781047
0.00587315
0.00511479
0.00462305
0.00723761
0.00695675
0.0046053
0.00460837
0.00945488
0.00486063
0.00463583
0.00464665
0.00466072
0.00772056
0.0060049
0.00469968
0.00835653
0.004724
0.00473433
0.004747
0.00475471
0.017627
0.00477487
0.00693252
0.00478793
0.00479539
0.00598315
0.00480535
0.00481054
0.00481324
0.0059108
0.00649331
0.0113095
0.00482393
0.00990819
0.00613293
0.00577225
0.00483057
0.00727265
0.00483319
0.00712158
0.00483336
0.00483425
0.00483456
0.00483417
0.00483464
0.00961736
0.00483594
0.004835
0.00483553
0.0138419
0.00483455
0.00760267
0.00483471
0.00483586
0.00483577
0.00483497
0.00842434
0.00540059
0.00665349
0.0048371
0.00559865
0.00483536
0.00483764
0.00483603
0.00483792
0.00483769
0.00483738
0.00484218
0.00486478
0.02939
0.0267846
0.0674121
0.03086
0.0166178
0.0157215
0.0148213
0.0139213
0.0155883
0.0122274
0.0113955
0.0106368
0.0104967
0.00991839
0.00867646
0.00812812
0.00763184
0.00718855
0.00678892
0.00643547
0.00612516
0.0058505
0.00561564
0.00541206
0.00624446
0.00509285
0.00497042
0.0111927
0.00951403
0.00620499
0.00467891
0.00464266
0.00461625
0.00459915
0.00534472
0.00458676
0.00458843
0.00911905
0.00727514
0.00461384
0.00462488
0.00463797
0.00658863
0.00466503
0.00468031
0.00469307
0.00928345
0.00472019
0.0099674
0.00474104
0.00475347
0.00476343
0.00477084
0.00478148
0.00547698
0.00479208
0.0162859
0.00668019
0.00480796
0.00481471
0.00963455
0.00482041
0.00482253
0.00482612
0.00482728
0.00482879
0.00483007
0.00710867
0.00967558
0.00616819
0.00694859
0.0048341
0.00587187
0.0048355
0.00564198
0.00812308
0.00988837
0.0048353
0.0048359
0.00483586
0.00483539
0.00483514
0.0048343
0.00483644
0.0048347
0.00483635
0.012006
0.0094686
0.00528313
0.00483662
0.00483686
0.00483684
0.00483641
0.00483664
0.00483842
0.00483693
0.00483933
0.0048374
0.00484228
0.0132986
0.0420569
0.0190361
0.0565642
0.0271879
0.0166993
0.0158138
0.0149168
0.0140212
0.013142
0.0122946
0.0114813
0.0107156
0.00999597
0.0100265
0.00871862
0.00816096
0.00765351
0.00719703
0.00678891
0.00642822
0.0064924
0.0129436
0.00915094
0.00814849
0.00897587
0.00505958
0.00493697
0.0048382
0.0103506
0.0116367
0.0128994
0.00461497
0.0100059
0.00702885
0.00456884
0.00552439
0.00509026
0.00457788
0.00458864
0.00487057
0.00461379
0.0046292
0.00464361
0.00465947
0.00582875
0.00469054
0.00892135
0.0112026
0.0135853
0.00474157
0.00475146
0.00476063
0.00553299
0.00743214
0.0140923
0.00632835
0.00479816
0.00502772
0.00498378
0.00481396
0.00632567
0.00652687
0.00482345
0.00482425
0.0120824
0.00482934
0.00483071
0.00483067
0.00483279
0.0054095
0.00792138
0.00483446
0.00643038
0.00483472
0.00483471
0.00483746
0.0054772
0.0139918
0.0101995
0.00483526
0.00483553
0.00889176
0.00897543
0.00670298
0.0048378
0.00483491
0.00853829
0.00483543
0.00483726
0.00483699
0.00483597
0.00483774
0.00483782
0.00575393
0.00483684
0.00483927
0.00483777
0.00483964
0.00524666
0.00486588
0.0310147
0.0191275
0.0223549
0.0176578
0.0168058
0.015926
0.0150251
0.0163956
0.0132479
0.0123894
0.0115696
0.010791
0.010061
0.00938389
0.00876084
0.00846699
0.00942098
0.0101345
0.00764122
0.00641299
0.00608805
0.00765048
0.00738188
0.0117591
0.00516848
0.00689593
0.00489889
0.00480033
0.00472151
0.00775279
0.010512
0.00458496
0.00456215
0.00455053
0.00856832
0.00454556
0.0045524
0.00474612
0.00457433
0.00458828
0.00460389
0.00462073
0.00463616
0.00601913
0.00466895
0.00468356
0.00469924
0.00471267
0.00599974
0.0086007
0.00475065
0.00476083
0.00694328
0.00477911
0.0126178
0.0117429
0.00480074
0.00480461
0.010635
0.0048145
0.00481785
0.00482064
0.00482269
0.0048261
0.00981824
0.00524015
0.00483129
0.00483254
0.00788467
0.0101538
0.00528739
0.0106843
0.00865644
0.00483527
0.00483598
0.00483557
0.00483681
0.0114255
0.012725
0.00483622
0.00483538
0.00483683
0.00878824
0.00903043
0.00483537
0.00677416
0.00483796
0.00483691
0.00582312
0.00483632
0.00483762
0.00483849
0.00483681
0.00483915
0.00483845
0.00483826
0.00484014
0.00483863
0.00484352
0.00789049
0.0372078
0.0680617
0.0586263
0.0177801
0.0169327
0.01605
0.015152
0.0142488
0.0133568
0.0124922
0.0116581
0.010869
0.0101244
0.00943358
0.00879405
0.00820993
0.00931788
0.00720077
0.00677194
0.00639304
0.00729543
0.00577033
0.00551939
0.00530662
0.00512736
0.00497849
0.00814855
0.00475873
0.00468245
0.00462332
0.00877239
0.00551774
0.0060505
0.00452472
0.00452149
0.00801538
0.00453348
0.00454549
0.00455969
0.00598599
0.00470892
0.00461164
0.00467715
0.00804564
0.00572329
0.00467914
0.00942974
0.00471047
0.00490355
0.00869192
0.00474832
0.00475661
0.00755556
0.00477706
0.0064871
0.00792713
0.00479778
0.0121905
0.0125511
0.0048134
0.00755569
0.00982992
0.00776103
0.00482526
0.00856364
0.00483059
0.00483049
0.00483238
0.00483385
0.00621332
0.00483432
0.0048355
0.0144504
0.00483502
0.00681735
0.0048359
0.00483511
0.00512879
0.00699677
0.00511748
0.00483705
0.00483731
0.00810675
0.00867576
0.00618024
0.00483722
0.00538924
0.00483644
0.00483765
0.0136917
0.00483635
0.00930454
0.00484007
0.00830338
0.00483802
0.00484045
0.00483856
0.00484179
0.00484188
0.00486866
0.0371647
0.0452397
0.0443496
0.0179269
0.017079
0.0161945
0.0152879
0.0143776
0.0134779
0.0125978
0.0117515
0.0109467
0.0101876
0.0094791
0.00882615
0.00822673
0.00768268
0.00719114
0.00675534
0.006366
0.00951483
0.0105202
0.00547466
0.0075922
0.0132933
0.011395
0.00943192
0.00471292
0.00474595
0.00458367
0.00454373
0.00711775
0.0100699
0.00449538
0.00449721
0.00650643
0.00451592
0.00812834
0.0125021
0.00661755
0.00622686
0.00460042
0.0046208
0.00463913
0.00465682
0.0077253
0.0104916
0.00929037
0.00472101
0.00473355
0.00474673
0.00475714
0.00476829
0.00591053
0.00761763
0.00758287
0.00735516
0.00480365
0.00481035
0.00481339
0.00645237
0.00714496
0.0048232
0.00482705
0.00482853
0.0060113
0.00483102
0.00483264
0.00483312
0.0048336
0.00747134
0.00694141
0.00596773
0.00483758
0.00723142
0.0114536
0.00483793
0.00815212
0.00483639
0.00483882
0.00483706
0.00483794
0.00653042
0.00483739
0.0119133
0.00776747
0.00637402
0.00483771
0.00483914
0.00699313
0.0072041
0.00483941
0.00483772
0.00483999
0.00483886
0.00484041
0.00892941
0.00483852
0.00484463
0.00486777
0.0298314
0.0195387
0.0228658
0.0180939
0.0172443
0.0163541
0.0154405
0.0145186
0.0136042
0.0169252
0.0118492
0.0110267
0.0102497
0.00952575
0.00885449
0.00824067
0.00768177
0.00717824
0.00672875
0.00633221
0.00598335
0.00568273
0.0054245
0.00520684
0.0111005
0.00487583
0.00475687
0.00466237
0.00459123
0.00454009
0.009505
0.00598364
0.00688094
0.00446559
0.00926537
0.00559248
0.00449326
0.00451176
0.0119826
0.00978393
0.00457201
0.00459092
0.00461267
0.0103893
0.00465182
0.00467154
0.00468763
0.00560035
0.0064912
0.00482866
0.00474556
0.00738883
0.00778039
0.00477632
0.00478531
0.00643343
0.0104387
0.00480472
0.00480944
0.00481405
0.00827
0.00482231
0.00482466
0.00482583
0.00482896
0.00865071
0.00483121
0.00541
0.00863228
0.00483538
0.00483611
0.00692654
0.00483706
0.00608446
0.00483749
0.00483693
0.00771426
0.00483756
0.00835219
0.00483743
0.00859215
0.00925824
0.00483833
0.00483805
0.00488817
0.00725356
0.00483809
0.00483948
0.00483885
0.00526187
0.00483862
0.00483955
0.00483958
0.00484006
0.00483882
0.00484119
0.00483928
0.00484161
0.00484219
0.00487025
0.0404656
0.0501683
0.0557551
0.0182885
0.0174334
0.016535
0.0156093
0.0146751
0.0137463
0.0128332
0.0119531
0.0111097
0.0103144
0.00957115
0.00888234
0.00825095
0.00767708
0.0071599
0.00669937
0.00629207
0.00593685
0.00563001
0.0117161
0.00514683
0.00496369
0.00481645
0.00836302
0.00460824
0.00948388
0.00449103
0.00446008
0.00804746
0.00657089
0.00443361
0.0044445
0.00445493
0.00447389
0.00449242
0.00930694
0.00453709
0.00456011
0.00493219
0.00596474
0.00462579
0.008446
0.00466738
0.00468449
0.00470119
0.008092
0.00627607
0.00474547
0.00945931
0.00697687
0.0047757
0.00478436
0.00479262
0.0106955
0.00480499
0.00481127
0.00481443
0.00481834
0.00533833
0.00581133
0.00482828
0.00578858
0.00483038
0.00483306
0.00483386
0.00853025
0.00483532
0.00483592
0.00618409
0.0117916
0.00483689
0.00913095
0.0048391
0.00718502
0.00483833
0.0048377
0.00602808
0.00617705
0.0048397
0.0094778
0.00483843
0.00483871
0.00673508
0.00483835
0.00483936
0.00483926
0.00483909
0.00483902
0.00483993
0.00483904
0.00483996
0.00484043
0.0048397
0.00484111
0.00484048
0.00484353
0.00486931
0.032745
0.0913651
0.0303181
0.0185166
0.0176563
0.0167494
0.0158131
0.0148616
0.0139143
0.0129813
0.0120796
0.0112155
0.0123397
0.00963138
0.00892321
0.00827151
0.0076811
0.00714744
0.00667296
0.00908175
0.00588892
0.00834541
0.00755833
0.00634148
0.0100048
0.00475323
0.00463864
0.00576778
0.00609017
0.00613904
0.00441382
0.00493391
0.0044491
0.00440085
0.0133383
0.00443091
0.00445079
0.00447522
0.0107678
0.00465491
0.00454891
0.00457325
0.00459749
0.00901246
0.0059192
0.00466301
0.00580015
0.00469964
0.00471558
0.00473067
0.00474344
0.00731141
0.0138264
0.00612908
0.00645304
0.00479369
0.00480034
0.00721904
0.00481071
0.00481612
0.00481862
0.00704107
0.00482621
0.00482761
0.012275
0.0127748
0.0048324
0.0115058
0.0048364
0.00483671
0.00669535
0.00483639
0.00767945
0.0048378
0.00483913
0.00483708
0.00768598
0.00483885
0.00483923
0.00755499
0.0056099
0.0117014
0.00483965
0.00500144
0.00483806
0.00863102
0.00484024
0.00538207
0.00594357
0.00483852
0.00699634
0.00484012
0.00484022
0.00483985
0.00483971
0.0048412
0.00483977
0.00484225
0.00484421
0.00487046
0.031496
0.0502112
0.0195514
0.0187661
0.0178962
0.0169735
0.0160198
0.0150487
0.0140777
0.013121
0.012194
0.0113049
0.0104636
0.00967497
0.00894474
0.00827328
0.00766463
0.00711607
0.00662853
0.00619885
0.0058256
0.00550493
0.00523396
0.0126068
0.0048281
0.00468188
0.00456909
0.00518347
0.00442647
0.00438585
0.00436435
0.00435604
0.00435749
0.00436674
0.00438404
0.00440378
0.00443003
0.00445535
0.00507437
0.00451056
0.0045368
0.00456423
0.00951016
0.00501762
0.0130531
0.0046596
0.00467838
0.00758633
0.0047142
0.0116462
0.00474431
0.00475568
0.00749192
0.00477745
0.00478687
0.00481237
0.00563256
0.00623703
0.00481233
0.00481699
0.00482064
0.0066009
0.00803156
0.00482958
0.0125547
0.00823881
0.00960496
0.00483501
0.00483653
0.00483623
0.00588524
0.00483904
0.00483863
0.00483881
0.00483968
0.00483984
0.00483833
0.00637366
0.0048387
0.00613851
0.0104547
0.0150553
0.00483866
0.00484065
0.00483924
0.00484027
0.00483938
0.0076599
0.00483959
0.00484067
0.00483922
0.00483993
0.00484107
0.00483966
0.00484132
0.00484001
0.00484112
0.00484172
0.0048439
0.00487132
0.0331413
0.0192378
0.0193187
0.0178048
0.01695
0.0160413
0.0204317
0.0202198
0.0247195
0.0291195
0.025913
0.0245771
0.030596
0.0232149
0.0257879
0.0176869
0.0137754
0.0167564
0.0168652
0.0174883
0.0139732
0.00503855
0.00577651
0.0045988
0.00567348
0.00431414
0.00646563
0.0107552
0.0152495
0.0105887
0.0115123
0.0149823
0.00880933
0.00899395
0.010748
0.0185728
0.0166773
0.00725143
0.0157958
0.00656163
0.00427371
0.0121483
0.0110316
0.00435129
0.00437381
0.0043957
0.00600716
0.00443326
0.00444936
0.00764393
0.00556692
0.00449056
0.00450103
0.00569549
0.00451871
0.00516462
0.010157
0.00510026
0.00454292
0.00454806
0.00455152
0.00455466
0.00569729
0.0107043
0.00830286
0.0093073
0.0170813
0.0045646
0.00494405
0.00796905
0.00895208
0.00564392
0.00463294
0.00856455
0.00456853
0.0045675
0.00456885
0.00553771
0.00456856
0.0072667
0.0129801
0.005224
0.00457446
0.00456867
0.00456813
0.00456899
0.00456885
0.00820961
0.012229
0.00513458
0.00456907
0.00456898
0.00456942
0.00456878
0.00456913
0.00457031
0.00456901
0.00456945
0.00480469
0.00459895
0.0257696
0.015827
0.0370283
0.0350908
0.045717
0.0478328
0.0422314
0.0521244
0.0625645
0.0613585
0.0647004
0.0691457
0.0670691
0.0671545
0.0662731
0.0695413
0.0651722
0.0557479
0.0414558
0.0383723
0.0328103
0.0225661
0.00729746
0.00359619
0.00781068
0.0149601
0.0216773
0.0253827
0.0272493
0.0339666
0.0401921
0.0393465
0.0367692
0.0437815
0.0414067
0.0367115
0.0326341
0.032947
0.0260312
0.0251429
0.0241457
0.0141901
0.0182507
0.00963334
0.00807367
0.00762081
0.00582418
0.00364303
0.00365722
0.00366927
0.00368089
0.00616088
0.0126569
0.00790801
0.0103594
0.0111048
0.00785428
0.0148369
0.0124635
0.0100439
0.0150813
0.0141282
0.0144534
0.00701074
0.015095
0.0105032
0.00657994
0.00999995
0.0058779
0.0117032
0.00934081
0.00818192
0.00810987
0.00903386
0.0158612
0.0101062
0.00548747
0.00860391
0.0107108
0.00742086
0.00486539
0.00696918
0.00470876
0.00977138
0.00737978
0.0037547
0.0106241
0.00375459
0.00375466
0.00705084
0.0052419
0.0044097
0.00453968
0.00391118
0.00436309
0.00481526
0.00490426
0.00524454
0.00703618
0.00949813
0.029373
0.0189556
0.00893511
0.00567487
0.0258964
0.0506307
0.0708803
0.0841152
0.0953846
0.106074
0.112656
0.106633
0.10517
0.104496
0.100022
0.0836483
0.0734836
0.0605466
0.0531176
0.0401182
0.0205767
0.0108777
0.0034414
0.013446
0.0193369
0.0295697
0.0350769
0.0406047
0.048245
0.0421923
0.0493993
0.0430018
0.045449
0.0401831
0.0357988
0.0391431
0.0316845
0.0293345
0.0209644
0.0184505
0.0184651
0.00713761
0.00370585
0.00347792
0.00346021
0.0060224
0.0112279
0.0112121
0.0109528
0.0164707
0.0172364
0.0114166
0.0156654
0.0155137
0.015749
0.0136732
0.0104791
0.0120767
0.0138146
0.0143643
0.0169613
0.0180859
0.00841663
0.0123886
0.00830371
0.0120011
0.015541
0.00822275
0.00821986
0.00800246
0.00754696
0.00749188
0.00899903
0.00523674
0.005672
0.00889978
0.0051735
0.0075119
0.0055996
0.00331553
0.00331571
0.0052153
0.00331574
0.00331633
0.00620235
0.00398815
0.00360736
0.00406748
0.00331629
0.00711669
0.00331698
0.00331727
0.00331667
0.00331708
0.00331729
0.00331666
0.00331703
0.00385989
0.00558442
0.00547068
0.0211112
0.0131488
0.0124357
0.00260605
0.0077829
0.0123773
0.0219819
0.0325228
0.0333249
0.0407033
0.0418011
0.0476587
0.0475351
0.0312944
0.0287855
0.0366495
0.0204118
0.0244601
0.012592
0.00889027
0.0119157
0.00706503
0.00545517
0.00435806
0.0116594
0.0113308
0.00783206
0.012942
0.00612049
0.0185156
0.0110725
0.017075
0.0165513
0.0191288
0.0170996
0.0107743
0.00869309
0.00438166
0.0178039
0.00986347
0.00430367
0.0135759
0.00425454
0.00423295
0.00421261
0.00718148
0.00514634
0.00416022
0.00563262
0.00413192
0.0104537
0.00906164
0.00410043
0.00409166
0.00885716
0.00998039
0.0144214
0.007756
0.00715496
0.00619484
0.00447165
0.00549308
0.00689746
0.0131058
0.0123484
0.00404438
0.00923135
0.00890689
0.00706219
0.00783163
0.00933056
0.00403951
0.00403862
0.00784215
0.00403837
0.00535201
0.00403727
0.00403843
0.00403802
0.00403852
0.00403743
0.00412688
0.00403904
0.00403856
0.00403877
0.00906916
0.0051373
0.00403978
0.0040399
0.00536258
0.00403955
0.00403928
0.00404115
0.00404007
0.00403981
0.00404163
0.0047314
0.00404049
0.00404023
0.00405736
0.0198339
0.00314722
0.00889549
0.00265408
0.00387761
0.00470167
0.00646682
0.00635858
0.00527063
0.0102968
0.00805852
0.00798489
0.00900531
0.00737728
0.0039058
0.00768262
0.0092425
0.00397462
0.00482631
0.00419369
0.00430829
0.00441637
0.00451225
0.00459344
0.00466126
0.004711
0.00474983
0.00477545
0.00478966
0.00479469
0.00479159
0.00478161
0.00476625
0.00474746
0.00472394
0.00470092
0.00714724
0.00591967
0.00826836
0.00459629
0.00457
0.00454623
0.00452102
0.00835077
0.00815041
0.0106128
0.00444179
0.0044266
0.00605401
0.0123999
0.00680309
0.00437451
0.00455296
0.0043541
0.0048494
0.00434036
0.00834444
0.00434711
0.00432319
0.00431916
0.00431626
0.00431263
0.00430916
0.00823065
0.00430466
0.00430476
0.00430184
0.00544181
0.00430015
0.00429962
0.00649664
0.00673737
0.0042973
0.00580764
0.00612569
0.00429784
0.00429803
0.00429743
0.00429737
0.00429729
0.00864639
0.00545127
0.0042969
0.00429789
0.00429927
0.00789568
0.00743044
0.00429938
0.00429941
0.00429814
0.00429955
0.00429959
0.00429845
0.00430026
0.00429922
0.00429904
0.00430071
0.00429889
0.00430133
0.00526632
0.0188777
0.00479546
0.00320767
0.00500319
0.00409482
0.00454677
0.00495861
0.00931161
0.00499419
0.00553187
0.00446441
0.00415598
0.00388867
0.00369618
0.00386096
0.00926694
0.00363342
0.00373749
0.0122804
0.00400691
0.00414595
0.00427293
0.00708916
0.00448361
0.00456184
0.00462787
0.00904122
0.0104801
0.00473252
0.00506734
0.0047474
0.00474354
0.00621413
0.00471765
0.00473011
0.00467985
0.00465656
0.00463365
0.00460965
0.00591582
0.00589314
0.00453907
0.0045154
0.00498631
0.00447494
0.00445615
0.0044393
0.00443901
0.0072246
0.00788687
0.00607788
0.00437451
0.00436333
0.00435433
0.0051337
0.00467676
0.00433291
0.00557123
0.00432313
0.00431944
0.00484894
0.00794018
0.00431041
0.00677155
0.0043075
0.00583917
0.00454498
0.0106364
0.00460062
0.00559685
0.00999228
0.00916075
0.00429848
0.00429819
0.0063572
0.00732447
0.00429637
0.00468236
0.00429754
0.00429828
0.00429842
0.00429769
0.004299
0.00429741
0.0115615
0.00660197
0.00429915
0.00429954
0.00461542
0.0042996
0.00622197
0.00429856
0.00430056
0.00429934
0.0042994
0.00430046
0.00429849
0.00430013
0.0042986
0.00639561
0.0246725
0.00746975
0.0076667
0.0029233
0.0040541
0.00447584
0.00480929
0.00861099
0.00473908
0.00447108
0.00414066
0.00470342
0.00435428
0.00333783
0.00612482
0.00578958
0.00334721
0.00529064
0.00763721
0.00482548
0.00454341
0.00412943
0.00426147
0.0043742
0.00446835
0.0074113
0.0161249
0.00464717
0.00609064
0.00554589
0.00644346
0.00470671
0.00470162
0.00469197
0.00467647
0.00466041
0.00587035
0.0100998
0.00689225
0.00872882
0.00455169
0.00528329
0.00451057
0.00448994
0.00573745
0.00445281
0.00443666
0.00645336
0.00440593
0.00480994
0.00438139
0.00625811
0.00486528
0.0043543
0.00434558
0.00434071
0.00433337
0.00508274
0.00432264
0.00866879
0.00544959
0.00984184
0.00431122
0.00430978
0.00767839
0.00430451
0.00430308
0.00606313
0.00430174
0.00430043
0.00429994
0.00664351
0.00525925
0.00429907
0.00429908
0.00429774
0.00429901
0.00429772
0.00429809
0.00912434
0.00515452
0.00559819
0.00429836
0.0104707
0.00656939
0.0108322
0.00634969
0.00627271
0.00933132
0.00486911
0.00430021
0.00429957
0.00429878
0.00429999
0.0046848
0.00429805
0.00430001
0.0042985
0.00430155
0.00702535
0.021287
0.00250833
0.00769403
0.00584218
0.00502891
0.00447817
0.00510418
0.00507136
0.00657453
0.00805192
0.00387285
0.00351754
0.00447646
0.00334757
0.00459634
0.00410995
0.00668679
0.00894402
0.0039795
0.00364958
0.0038359
0.00706175
0.00415134
0.00876467
0.00438244
0.0105738
0.00728127
0.00458646
0.00591694
0.00465066
0.00736763
0.00467219
0.00467046
0.0142456
0.00660865
0.00647418
0.00462407
0.00460379
0.00458395
0.00456489
0.00454376
0.00452351
0.00528575
0.00448483
0.00446524
0.00444982
0.00670434
0.0072743
0.00689913
0.00439253
0.0075371
0.0055273
0.00526668
0.00435415
0.00434529
0.00433942
0.00603273
0.00821223
0.0102707
0.00431836
0.00690982
0.00741862
0.00431156
0.00430738
0.0051362
0.00430416
0.0107996
0.00430281
0.00430227
0.00562358
0.00430009
0.0068862
0.00430058
0.00429973
0.00429878
0.00429963
0.00480422
0.0042982
0.00429943
0.00687158
0.00649874
0.00491683
0.00430008
0.0116059
0.00515169
0.00430042
0.00429841
0.00764703
0.00429883
0.00491666
0.00430035
0.00429831
0.00430137
0.00429821
0.00430122
0.00472289
0.0042994
0.00429947
0.00429891
0.00692014
0.0240877
0.00782777
0.00323997
0.00796416
0.00416824
0.00687302
0.00468934
0.0046207
0.00438148
0.00581934
0.00363416
0.00419576
0.0101479
0.00273621
0.00737373
0.00820943
0.00286935
0.00465156
0.00418142
0.00349989
0.00574842
0.00388671
0.00404984
0.00418809
0.00739192
0.00439691
0.00447478
0.00453337
0.00457595
0.0046073
0.00535553
0.0113741
0.00464229
0.00526095
0.00580016
0.00712702
0.00762566
0.0045894
0.00457194
0.00514683
0.00575412
0.00451592
0.00939914
0.00447825
0.00446453
0.00444556
0.00443093
0.00441732
0.00537741
0.00439172
0.00438086
0.00753719
0.0159572
0.00435344
0.00434389
0.00433914
0.00433294
0.00432647
0.00768697
0.00432059
0.00597752
0.0050827
0.00431005
0.00741527
0.00902075
0.00506115
0.0043033
0.00430237
0.00430075
0.0092309
0.0043167
0.00429948
0.00429817
0.0060594
0.0132841
0.00780894
0.0043005
0.00455839
0.00511941
0.00663644
0.00429854
0.00576164
0.00545037
0.00429992
0.00674746
0.00429923
0.00429867
0.00430021
0.00462061
0.00430049
0.00429983
0.00430033
0.0043001
0.00430017
0.00429987
0.00429988
0.00429946
0.00444166
0.00430141
0.00813718
0.023629
0.0155549
0.00634386
0.00805102
0.00578239
0.00740094
0.00632828
0.00455012
0.00439144
0.00385363
0.00989264
0.00299962
0.00336292
0.00267846
0.00781403
0.00618819
0.00431128
0.0104357
0.00312059
0.00620482
0.00617274
0.00647887
0.00395497
0.00428444
0.00423092
0.00433323
0.00441647
0.0071814
0.00608988
0.00838045
0.00459276
0.00460738
0.00863309
0.00461517
0.00461033
0.00460143
0.00458943
0.0045768
0.00600145
0.00807016
0.00604561
0.0045079
0.00449237
0.00447335
0.00565106
0.00779131
0.00442622
0.00441296
0.00440123
0.00962378
0.00437934
0.00440363
0.00435871
0.00725055
0.0043452
0.00822151
0.00433094
0.00432654
0.00738658
0.00431652
0.00431734
0.00431391
0.00430969
0.00430871
0.00430575
0.00430476
0.0120417
0.00430381
0.00834277
0.00931329
0.00430057
0.00430098
0.00589757
0.0105713
0.00429944
0.00430049
0.00633729
0.00976325
0.00796338
0.00429957
0.00429979
0.00719394
0.0096892
0.0048218
0.00558916
0.00614489
0.0043004
0.00429949
0.00430089
0.00429939
0.00430064
0.00430041
0.00430048
0.00430017
0.00430016
0.00429945
0.00430021
0.00429893
0.00430087
0.00708374
0.0246287
0.0119883
0.00660639
0.00453045
0.00470991
0.00480079
0.00474141
0.00451308
0.0047152
0.00370025
0.00589151
0.00519134
0.00511213
0.0021759
0.00212744
0.0105722
0.00244246
0.00626059
0.00296961
0.00657074
0.00346951
0.00368351
0.00387072
0.00412106
0.00805539
0.00427385
0.00442075
0.0103938
0.0112683
0.0045294
0.00496383
0.00457721
0.0078783
0.00459173
0.00459015
0.0083459
0.00457595
0.00805696
0.0045474
0.00453376
0.00451685
0.0045024
0.00553476
0.00692083
0.00445318
0.00443919
0.00442349
0.00441107
0.00835994
0.00438765
0.0112223
0.00436641
0.0135972
0.0043511
0.00866974
0.00433739
0.0043313
0.00606511
0.00432148
0.0043185
0.00431594
0.0100665
0.00430863
0.0100893
0.00558208
0.00509614
0.00450092
0.00430207
0.00430294
0.00909547
0.00430179
0.00693848
0.00434849
0.00811777
0.00784058
0.00430052
0.00430015
0.00745841
0.00429961
0.00478399
0.00429974
0.00429924
0.00430038
0.00988736
0.00965438
0.00632168
0.00430048
0.00430115
0.0043004
0.00430066
0.00429906
0.00430209
0.0042989
0.00430181
0.00429853
0.00430032
0.00429979
0.00429942
0.00430065
0.00839029
0.0252822
0.0166961
0.00594836
0.00502232
0.00503984
0.00499062
0.00604468
0.00450605
0.00407623
0.00357093
0.00304208
0.00638955
0.00442372
0.00190651
0.00186799
0.00200579
0.00665618
0.00683742
0.00283509
0.00311416
0.00337013
0.00438053
0.00379214
0.00395997
0.00410239
0.00421868
0.00444323
0.014027
0.00685829
0.00824401
0.00452626
0.00605455
0.0103423
0.00456968
0.00519605
0.0123584
0.00455834
0.00454879
0.00459637
0.00680059
0.00543949
0.00449321
0.00447982
0.00532722
0.00776331
0.00443425
0.00442151
0.00688352
0.0078295
0.0059654
0.00453216
0.0043655
0.0043556
0.00434919
0.00434231
0.00433591
0.00433135
0.00472263
0.00631086
0.00431716
0.00855151
0.00744799
0.00430946
0.0043073
0.00430516
0.00430492
0.00620064
0.00966905
0.00430156
0.00430132
0.00447048
0.00482643
0.00430052
0.00525498
0.00430059
0.0057094
0.00469702
0.00928655
0.00430122
0.00574713
0.00429979
0.00430088
0.00429991
0.00681726
0.0111706
0.00430107
0.00533939
0.00430128
0.00429995
0.00430097
0.00429975
0.00429991
0.00430099
0.00429959
0.0043002
0.00430058
0.00430003
0.00429964
0.00430087
0.00829679
0.0260237
0.0246595
0.00580671
0.00554243
0.00540453
0.00521541
0.00683242
0.00452855
0.00668629
0.0103497
0.00288663
0.00234471
0.00465366
0.00687359
0.00616273
0.00183545
0.0149739
0.0063566
0.00487678
0.00327602
0.0053704
0.00848592
0.0037257
0.00417742
0.00404744
0.00416897
0.00617616
0.00434916
0.0044116
0.00445958
0.00449666
0.00936006
0.00453997
0.00458982
0.00672478
0.0120346
0.0109034
0.00453507
0.00503304
0.00451377
0.00449986
0.00909382
0.00570736
0.0131855
0.00444453
0.0117539
0.00441648
0.00581697
0.00439285
0.00543239
0.00437238
0.00436349
0.00435521
0.00718738
0.00434057
0.00493206
0.00432938
0.00432482
0.00432007
0.00431832
0.00431306
0.00760783
0.00430879
0.00463286
0.00430472
0.00490238
0.00788399
0.00951495
0.00486962
0.00430108
0.0043013
0.00429928
0.0042998
0.00429997
0.0042986
0.00558524
0.00429961
0.00430043
0.00528255
0.00617555
0.00808166
0.0104265
0.00430182
0.0043021
0.00430098
0.00430138
0.00430013
0.00430158
0.00436337
0.00429981
0.00573348
0.00430142
0.00430028
0.00430151
0.00430018
0.00810309
0.00430095
0.00429961
0.00430153
0.00932817
0.0267241
0.0312847
0.00649941
0.00609472
0.00580469
0.0054745
0.00507567
0.0111425
0.00400501
0.00338326
0.0124998
0.00435605
0.00546335
0.00719397
0.00137075
0.00358731
0.00191644
0.00916881
0.00485498
0.00798949
0.00340184
0.00345125
0.00366438
0.00541821
0.00399849
0.00837125
0.00422793
0.00431151
0.00437981
0.00443081
0.00446809
0.00449833
0.00451623
0.00452802
0.00453344
0.00453502
0.00470831
0.00452368
0.00451616
0.00450243
0.004493
0.00710947
0.00793588
0.00445133
0.00443957
0.00442605
0.00441431
0.00440186
0.00588344
0.0102725
0.00996228
0.00436231
0.00435401
0.00710094
0.00434
0.00433286
0.0116672
0.00432392
0.0043187
0.0053252
0.00431209
0.00431128
0.00430882
0.00430716
0.00442981
0.00430419
0.00452717
0.00430172
0.00430005
0.00430148
0.00429975
0.0114907
0.00429956
0.00430074
0.00430001
0.00429946
0.00429978
0.00466637
0.00429955
0.00430161
0.00429956
0.00430252
0.00430083
0.00429994
0.00430295
0.00996978
0.00595347
0.004302
0.00430094
0.00430176
0.00430266
0.00430037
0.00430155
0.0043012
0.0043008
0.00430116
0.00430062
0.00430023
0.00430248
0.00797012
0.0268608
0.0352343
0.00723641
0.00668648
0.00624283
0.00576787
0.00524997
0.004657
0.00782074
0.00332507
0.00270761
0.00859362
0.00204693
0.00427069
0.00372211
0.00533672
0.00423125
0.00977424
0.00258701
0.00998351
0.00533539
0.00350059
0.00361443
0.00379829
0.00395556
0.00654957
0.00435356
0.00427874
0.00434855
0.00440237
0.00444484
0.00447305
0.00449549
0.00739481
0.00563021
0.0045177
0.0048569
0.006863
0.0045043
0.0106867
0.00448327
0.00447042
0.0129998
0.00444731
0.00443491
0.00442222
0.00991308
0.0164322
0.00826635
0.00437915
0.00436853
0.00436046
0.00564972
0.00614803
0.0066609
0.00433275
0.00432799
0.00432327
0.00431794
0.00431529
0.00686401
0.00430888
0.0108701
0.00430546
0.00694561
0.00430218
0.00430197
0.00595668
0.00430122
0.00429953
0.00430091
0.00433184
0.00429895
0.00429979
0.00524704
0.0043012
0.00430056
0.00746273
0.00951554
0.00921461
0.00769043
0.00777779
0.00430082
0.0081638
0.00429979
0.00818078
0.00430143
0.00430185
0.00430215
0.00430178
0.00430176
0.00430311
0.0043014
0.00430144
0.00430109
0.00430143
0.00430094
0.0043009
0.00430026
0.0131951
0.0271571
0.0378802
0.00803395
0.00732689
0.00672384
0.00609788
0.00545609
0.00745676
0.00500796
0.00329524
0.010667
0.00186855
0.00953714
0.00653394
0.00518031
0.00124472
0.00326911
0.00207482
0.00291857
0.0027928
0.0107628
0.00383199
0.00357058
0.00376099
0.00557995
0.00405186
0.00416043
0.00425026
0.00503977
0.00804684
0.00441878
0.00445213
0.00447401
0.00813743
0.00449863
0.00944001
0.00450249
0.00449901
0.00449272
0.00628765
0.00465867
0.00491529
0.00622258
0.00444214
0.00599687
0.00441942
0.00604524
0.00439691
0.00515312
0.00871013
0.00436668
0.00435862
0.0043511
0.00753072
0.0127489
0.00433105
0.00432649
0.00432271
0.00431773
0.00433891
0.00431136
0.00430979
0.00578275
0.00669823
0.0043049
0.00699236
0.00430102
0.00560255
0.00807598
0.00429948
0.00429892
0.00429888
0.00682188
0.00429951
0.013403
0.00497666
0.00607038
0.00429997
0.0042986
0.00732129
0.00430077
0.00430156
0.00430058
0.0116709
0.00430287
0.00629751
0.00430321
0.00430153
0.00430222
0.00583182
0.00430212
0.00587103
0.00430129
0.00430225
0.00430096
0.00873877
0.00430278
0.00430014
0.00430209
0.00901124
0.0273323
0.0361396
0.00891192
0.00802692
0.00725412
0.00646714
0.00569569
0.00589491
0.00502694
0.00338815
0.00812702
0.00176558
0.0026958
0.0064917
0.013159
0.0021622
0.00850784
0.0157854
0.00240193
0.00274883
0.00305096
0.00331343
0.00353604
0.0037271
0.0041544
0.00402242
0.00625303
0.00422241
0.00429497
0.0045137
0.00536442
0.00443117
0.00445692
0.0044729
0.00448447
0.0044882
0.00668623
0.0044873
0.00485521
0.00447597
0.00446612
0.0168025
0.0044486
0.00504538
0.00442589
0.00687552
0.00440379
0.00439355
0.00438358
0.00437318
0.0103669
0.00435719
0.00434911
0.00935026
0.00433488
0.00433139
0.00432588
0.0073812
0.00431841
0.00431339
0.00431274
0.00430709
0.00430665
0.00660548
0.0043024
0.00430155
0.00501808
0.00430143
0.0111369
0.00429831
0.00639171
0.00656314
0.00429845
0.00429885
0.00920181
0.004299
0.00429815
0.0042992
0.00430096
0.00454582
0.00430088
0.00430048
0.00430048
0.00630975
0.0043001
0.00491606
0.00488864
0.00430207
0.00430171
0.0105476
0.00430044
0.00430229
0.00430167
0.00430071
0.00531602
0.00430216
0.00429983
0.0043017
0.00430169
0.0133815
0.0276569
0.0387883
0.00989309
0.00880043
0.00784077
0.0113102
0.0100451
0.00506576
0.00634314
0.00922213
0.00451437
0.00337224
0.00105523
0.00733032
0.00390275
0.00277529
0.00889081
0.00425505
0.00943495
0.00542976
0.00302267
0.00328591
0.0043345
0.00370297
0.00386287
0.00889934
0.00568843
0.00419913
0.00560638
0.00457742
0.00437887
0.00804131
0.00443962
0.00445718
0.00666115
0.00569449
0.0094157
0.00841868
0.00557155
0.00886338
0.00729481
0.00445092
0.008544
0.00443084
0.00441947
0.00498561
0.00664209
0.00906442
0.00438089
0.0043728
0.00436368
0.0043559
0.00434776
0.00878917
0.0128021
0.004329
0.00830032
0.00582759
0.00431595
0.00431403
0.00430935
0.00817123
0.00674335
0.00430493
0.00430204
0.00430007
0.0043009
0.00988693
0.00484932
0.00429911
0.00799072
0.00714069
0.00429935
0.00429853
0.0116822
0.0043034
0.00857301
0.00449008
0.00495552
0.00636425
0.00430031
0.00572283
0.00430118
0.00430003
0.00430172
0.00564416
0.00430098
0.00430027
0.00689156
0.004517
0.00430287
0.00430181
0.00430022
0.00430324
0.00430106
0.00430151
0.00430217
0.00430111
0.00430284
0.00916606
0.0289677
0.0420262
0.0110055
0.00966229
0.00849332
0.0073384
0.0110554
0.00526048
0.00429284
0.0145471
0.00291702
0.00248748
0.00123523
0.00537638
0.00656125
0.00443714
0.0108618
0.0088097
0.00336658
0.00270186
0.00692403
0.00326828
0.00349302
0.00368205
0.00552118
0.00397765
0.00413858
0.00725335
0.0042556
0.00431511
0.0066568
0.00439729
0.00442377
0.00444151
0.00445474
0.00446081
0.00446523
0.00762667
0.00446228
0.00652205
0.0100296
0.0044407
0.00789395
0.00442383
0.00441431
0.00726581
0.00974407
0.00438634
0.00437869
0.0056075
0.00436236
0.00435379
0.00434775
0.0113671
0.0070639
0.00433011
0.00432503
0.006359
0.0121524
0.00431146
0.00431052
0.00783573
0.00430397
0.0043025
0.00430237
0.0077128
0.0111106
0.00971499
0.00429774
0.00429796
0.00949841
0.00429914
0.00732626
0.00429762
0.00429665
0.00429794
0.00429821
0.00797424
0.0042994
0.0113995
0.00498182
0.00785261
0.0079255
0.00430142
0.00430068
0.00430104
0.00429955
0.00430287
0.00963095
0.00430188
0.00430064
0.00430064
0.00509868
0.00430214
0.00430143
0.00430231
0.0043001
0.0052523
0.00430209
0.00931313
0.0284197
0.0451409
0.0133377
0.0106313
0.00922181
0.00784934
0.00663336
0.00549057
0.00792104
0.00345125
0.00349757
0.0113076
0.00402425
0.00211149
0.00231208
0.00658447
0.00344997
0.00357384
0.0101274
0.0027018
0.00699478
0.00326225
0.00348232
0.00481215
0.0070283
0.0071844
0.00712214
0.00587398
0.00423931
0.00429727
0.00434572
0.0043808
0.00440929
0.00786997
0.00444109
0.00444974
0.0172008
0.00445521
0.00456609
0.00444741
0.0124095
0.00739382
0.00490091
0.00937738
0.00751644
0.00440204
0.00484397
0.00438362
0.00437524
0.00436695
0.00821555
0.0087742
0.00434479
0.0123619
0.0124301
0.00432788
0.00432371
0.00432116
0.00517042
0.00431273
0.00430989
0.00430692
0.00451388
0.00430315
0.00430167
0.00609771
0.00429984
0.00429808
0.00429763
0.00461859
0.0142058
0.00429556
0.00429639
0.00643296
0.00488837
0.00578561
0.0109345
0.00429868
0.00539346
0.00580606
0.00539206
0.00429969
0.00778149
0.00429933
0.00820283
0.00562248
0.00430056
0.00950355
0.00430141
0.00556553
0.00481323
0.00430239
0.00430227
0.00430187
0.00430092
0.00430284
0.00430073
0.00430269
0.00430025
0.00986957
0.0292625
0.0485825
0.0137615
0.0117272
0.0100375
0.00841757
0.00702687
0.00575078
0.00460919
0.00460559
0.00262206
0.00613975
0.00820908
0.00427773
0.0124083
0.0067027
0.0083807
0.0203428
0.00237533
0.0100325
0.00300642
0.00766608
0.00423308
0.00698158
0.00382235
0.00977377
0.00406067
0.00415214
0.0058588
0.0100315
0.00433023
0.00436827
0.00629707
0.0127628
0.00532152
0.00443639
0.00564057
0.00444251
0.00444222
0.00443859
0.00528783
0.00442804
0.00621124
0.00586906
0.0104088
0.00439593
0.00439035
0.00438005
0.00652881
0.00469842
0.00435877
0.00435078
0.00434538
0.00433759
0.00433374
0.00432801
0.00432298
0.00431927
0.00926833
0.00591988
0.00430992
0.00430882
0.00430412
0.00430217
0.00548472
0.0108981
0.00838351
0.00429881
0.00429825
0.00429707
0.00850956
0.00604558
0.00429546
0.00429704
0.0065747
0.00429623
0.00652729
0.0042975
0.00429835
0.00429744
0.00882092
0.00487192
0.00429803
0.00683548
0.00709888
0.00481294
0.00868907
0.00711039
0.00598609
0.0099988
0.00485251
0.00503215
0.0055158
0.00430169
0.00430111
0.00430021
0.00430141
0.00430118
0.00430203
0.00921955
0.0273794
0.0432716
0.0154943
0.0129745
0.0109539
0.0090449
0.00746321
0.00604736
0.0160902
0.00371145
0.00372605
0.00188302
0.00319591
0.00177405
0.00124564
0.0109941
0.00469152
0.00265082
0.00630728
0.00907853
0.00696988
0.00892703
0.0051719
0.00366597
0.00381733
0.0104381
0.00405315
0.00414194
0.00421399
0.004775
0.00637348
0.00613847
0.00438007
0.00642395
0.00441671
0.00442675
0.00731307
0.00443445
0.00812528
0.00443003
0.00654994
0.00787227
0.00441445
0.0044069
0.00440062
0.00439238
0.00680742
0.00474044
0.0081915
0.00436194
0.0102919
0.00434981
0.00434294
0.00433787
0.00619935
0.0155111
0.00432243
0.00431897
0.00431563
0.00431098
0.00431081
0.00430537
0.00430634
0.00430256
0.00500719
0.00695171
0.00429945
0.00923535
0.00429693
0.00609567
0.00546248
0.00429552
0.00429693
0.0128434
0.00429554
0.00429666
0.00429603
0.00429567
0.00429648
0.00429717
0.00429774
0.00429798
0.0103003
0.00429777
0.0106546
0.00737278
0.00804384
0.00711829
0.00702563
0.00430003
0.00487539
0.00430143
0.00430081
0.00554829
0.00430056
0.00430263
0.00430062
0.00430114
0.00430172
0.00967053
0.0267555
0.0503332
0.0175398
0.0144005
0.011983
0.00974039
0.00794295
0.00932283
0.00522296
0.00388497
0.0118655
0.00715242
0.00352931
0.00420264
0.0110163
0.00476554
0.00308142
0.0110943
0.0025467
0.0111405
0.00752504
0.00328844
0.00700737
0.0036701
0.00381948
0.0143058
0.00404833
0.00413344
0.00602869
0.00426349
0.00430797
0.00434336
0.00437068
0.00881962
0.00440629
0.00441418
0.0101319
0.00442353
0.00442251
0.00722879
0.00666287
0.00441385
0.00668249
0.00440218
0.00439355
0.00438565
0.00484199
0.00437301
0.00461555
0.00436113
0.00435354
0.00486396
0.00434302
0.00433694
0.00433252
0.00432699
0.00721029
0.00431941
0.00431463
0.00431303
0.010666
0.0045061
0.00430527
0.00430452
0.00430102
0.00701155
0.00430006
0.00429664
0.00429601
0.00498748
0.00429642
0.00429561
0.00488067
0.0072066
0.00429511
0.00577713
0.00429532
0.00429599
0.00533096
0.0044271
0.00429721
0.00429637
0.00756681
0.00917643
0.00527918
0.0042998
0.00458089
0.0060598
0.00674036
0.00547374
0.00430014
0.00430069
0.00430047
0.00430196
0.00692845
0.00429919
0.00430247
0.00429906
0.00430296
0.00540422
0.0254788
0.0541022
0.0199754
0.0160342
0.0131448
0.0105009
0.00847053
0.0098722
0.00530251
0.0146801
0.00561444
0.00221835
0.00450756
0.00499089
0.0100225
0.00832073
0.00778657
0.00219273
0.00252208
0.0149038
0.00358724
0.0071383
0.00364231
0.00368107
0.00793148
0.00409579
0.00735092
0.00886669
0.00990577
0.00425375
0.00515285
0.00433418
0.00456502
0.00438139
0.00439306
0.0159788
0.0044111
0.00488106
0.0054523
0.0044139
0.00821047
0.00926908
0.00732804
0.00439372
0.00710186
0.00438349
0.00938144
0.00626737
0.00888603
0.00572265
0.00554358
0.00434553
0.00434096
0.00433705
0.00432976
0.00467618
0.00647747
0.0104518
0.0108573
0.00431213
0.00808432
0.00501271
0.00430619
0.00552602
0.00430222
0.0106411
0.00429804
0.00429823
0.00579016
0.00429564
0.0043999
0.00429566
0.00429524
0.0109841
0.00429522
0.00802281
0.00549125
0.00631134
0.00429557
0.00801291
0.00429772
0.00429681
0.00429755
0.00707555
0.00568665
0.00429782
0.00777832
0.00737147
0.00462834
0.00591549
0.00429951
0.00430119
0.00430138
0.00495945
0.00458647
0.00430185
0.00429993
0.00430053
0.00527161
0.00949624
0.0225701
0.0508438
0.0229024
0.0179105
0.0144517
0.0113355
0.0149799
0.00712557
0.00952452
0.0043157
0.0175781
0.00242926
0.00263334
0.00925052
0.00261107
0.00481653
0.007119
0.00758534
0.00566548
0.00386788
0.0103382
0.00334586
0.0043849
0.00369491
0.0038342
0.00394953
0.00404729
0.00412745
0.0126465
0.00424755
0.00481105
0.0091674
0.00435234
0.00436966
0.00438477
0.00439443
0.00440156
0.00440392
0.00978022
0.0137759
0.013458
0.00560189
0.00479645
0.00840296
0.00727754
0.00797073
0.00437117
0.00436563
0.00436008
0.0043556
0.00486759
0.00434461
0.00433953
0.00605964
0.00433025
0.00432642
0.00432217
0.00431988
0.00696555
0.00962588
0.00804917
0.0105817
0.0043052
0.00430423
0.00430149
0.00901923
0.00484048
0.008354
0.0102418
0.00429698
0.0042956
0.0042946
0.00936617
0.00429603
0.00429494
0.00429453
0.00640765
0.00429639
0.00693395
0.00742881
0.0140124
0.00429502
0.00429762
0.00429728
0.00481746
0.00429874
0.0042974
0.0046019
0.00680342
0.01037
0.00430031
0.00429872
0.00429931
0.00429902
0.00430092
0.00429825
0.00430003
0.00430095
0.00430215
0.00463202
0.0220998
0.0542359
0.026458
0.0200615
0.0159229
0.0122382
0.00965227
0.0113388
0.00589956
0.0141157
0.00349707
0.00592877
0.00206774
0.0113936
0.00457239
0.0100456
0.00433424
0.0024041
0.00455719
0.0125204
0.00647721
0.00338328
0.0139121
0.00371566
0.00460051
0.00439638
0.00405043
0.00413051
0.0132155
0.00424264
0.00838197
0.00872985
0.00434188
0.00583199
0.00437641
0.00477735
0.00981118
0.00439506
0.00703716
0.004396
0.00819879
0.0126188
0.00438655
0.00575641
0.00693616
0.0052676
0.00436742
0.00603816
0.00435793
0.00496748
0.00434677
0.00434141
0.0114004
0.00433408
0.00432927
0.00774616
0.00432151
0.00431977
0.00431782
0.00431309
0.00727645
0.00492619
0.00582185
0.00969956
0.00430371
0.00531221
0.00558667
0.00473445
0.00780657
0.00429839
0.00483855
0.0120559
0.00484654
0.00705238
0.00429641
0.00429418
0.00579252
0.00695175
0.00789487
0.00711793
0.00646496
0.00429744
0.00429499
0.00429719
0.00429794
0.00565275
0.00429849
0.00751575
0.00429888
0.0053309
0.00429694
0.00429878
0.00429872
0.00429903
0.00606766
0.00485073
0.00429912
0.00430075
0.0042992
0.00765461
0.0200215
0.0526521
0.0308459
0.0225122
0.0175701
0.0132115
0.0103006
0.00798967
0.00623207
0.00483951
0.00465525
0.00387023
0.00325283
0.0114066
0.00369704
0.00632436
0.00415001
0.00427512
0.00982551
0.00305962
0.00711621
0.0038861
0.0035948
0.00374056
0.00491555
0.00396896
0.0101759
0.00501902
0.00419158
0.00424033
0.00552523
0.00431097
0.00529565
0.00435439
0.0043674
0.00612267
0.00438324
0.00634692
0.00438809
0.0067028
0.0103678
0.00438411
0.00603
0.00518246
0.00437256
0.00690116
0.0043627
0.00596595
0.00435326
0.00714304
0.00434537
0.00434082
0.0141239
0.00433083
0.00432977
0.00432545
0.00477999
0.00597973
0.0110341
0.00431317
0.00431157
0.00613377
0.00458024
0.00749849
0.0086238
0.00654538
0.00430124
0.00429927
0.0042979
0.00457499
0.00871066
0.00773853
0.0118325
0.00701975
0.00654683
0.00535614
0.00429517
0.00429712
0.00994416
0.00429557
0.00541853
0.00429492
0.00586581
0.00536942
0.0042956
0.00693745
0.0042967
0.00429676
0.00795459
0.00429709
0.0042994
0.00542191
0.00429838
0.00730546
0.0058538
0.00504736
0.0042986
0.00429865
0.00430105
0.00431565
0.0174669
0.0611732
0.0365185
0.0252848
0.0194063
0.0142485
0.010973
0.00879566
0.00657731
0.00512951
0.00537306
0.00363714
0.00354215
0.0101934
0.0149445
0.00303808
0.016768
0.00332745
0.00288081
0.00309728
0.00428662
0.00616019
0.00405295
0.00376891
0.00388454
0.00398463
0.00406557
0.0051627
0.00469602
0.00666648
0.00537622
0.00491758
0.010889
0.00615777
0.00472313
0.0048129
0.00437399
0.00658434
0.00599758
0.00489748
0.00437834
0.00437629
0.00437263
0.00921111
0.00665106
0.00436154
0.00435908
0.0100961
0.00477486
0.00807518
0.00434246
0.00433838
0.0043344
0.00433125
0.0043285
0.00432375
0.0043213
0.00555353
0.00682385
0.00885893
0.00431112
0.00431021
0.0057466
0.0124221
0.0043053
0.00709245
0.00477097
0.00430149
0.00429934
0.00429949
0.00429758
0.00602504
0.00429727
0.00429602
0.00429642
0.00429617
0.00557227
0.00429418
0.00612274
0.00667101
0.0043004
0.00429708
0.00429445
0.00636768
0.00429519
0.0042955
0.00595523
0.00560705
0.00429663
0.00461627
0.00429723
0.00429712
0.00429744
0.00429779
0.00593003
0.00526908
0.00616151
0.00618899
0.00429786
0.00750704
0.0163814
0.0567254
0.0449265
0.0284999
0.021432
0.0153388
0.0116596
0.00891961
0.00693663
0.00543109
0.00730355
0.0053456
0.0121652
0.0046822
0.00420398
0.00247011
0.00260764
0.00279156
0.00299113
0.00431003
0.00336403
0.00353043
0.0122321
0.00467222
0.00770614
0.00399941
0.00407814
0.00414093
0.00419611
0.0042385
0.00427282
0.0085233
0.01238
0.00611482
0.00435028
0.0112291
0.00436728
0.00443158
0.00470717
0.00921779
0.00437116
0.00577378
0.00436627
0.00436393
0.00435911
0.00435834
0.00435323
0.00434952
0.00790626
0.00434262
0.00433914
0.00433617
0.00721285
0.00509299
0.00432597
0.00432352
0.00432136
0.0108858
0.00464562
0.00532576
0.00546092
0.00692327
0.00430889
0.004307
0.00430536
0.00430434
0.00430299
0.0135303
0.007674
0.00708555
0.00429946
0.00429805
0.00641293
0.00449922
0.00596305
0.00429618
0.00429448
0.0042966
0.00694234
0.00607773
0.00611291
0.00429608
0.00429648
0.00507398
0.0042958
0.00429552
0.00902377
0.0104311
0.0060836
0.00667909
0.00429767
0.00429659
0.00429686
0.00507148
0.00429856
0.00447255
0.00429742
0.00527667
0.00430005
0.00431468
0.0136406
0.0692686
0.0596905
0.0325825
0.0236291
0.0164594
0.0123363
0.00998701
0.00729905
0.00574534
0.00458013
0.010039
0.00334841
0.0131166
0.0034448
0.00267853
0.00460507
0.0106005
0.00483183
0.00327577
0.00869156
0.0148314
0.00467934
0.00383288
0.00393436
0.0118928
0.00408863
0.00415168
0.00419867
0.0108318
0.00427351
0.0044262
0.00530884
0.00433193
0.00434647
0.00483039
0.00435978
0.00436081
0.00436507
0.00436475
0.00845035
0.00436278
0.00904125
0.00546586
0.00664292
0.00568295
0.00434889
0.00434582
0.00554436
0.00433991
0.00433547
0.00433304
0.00432962
0.00432807
0.00432589
0.00683449
0.00646298
0.00656169
0.00615059
0.0140719
0.00431208
0.00431092
0.00509019
0.0152896
0.00430555
0.00430429
0.0043045
0.0101182
0.00430184
0.00430033
0.00588376
0.00429886
0.00429975
0.00432461
0.00429819
0.00935173
0.00429677
0.0064946
0.00504959
0.00429535
0.00737988
0.00429577
0.00445277
0.00429723
0.00429606
0.00429598
0.00429649
0.00429677
0.00524289
0.00431673
0.00429642
0.00429621
0.00429681
0.00429687
0.00429564
0.00429705
0.00429679
0.00429835
0.00429822
0.00431428
0.0111298
0.253873
0.0832312
0.0381387
0.0259653
0.0176499
0.0130554
0.00990818
0.0137912
0.00611287
0.0049136
0.00404762
0.00345502
0.00839647
0.00292854
0.00534089
0.00389434
0.0137181
0.00324192
0.0218511
0.00373324
0.00837947
0.00378637
0.00783818
0.00398224
0.0122493
0.00412702
0.00732674
0.00422934
0.0111534
0.00675698
0.0123947
0.00555388
0.00592716
0.008597
0.00832397
0.00564626
0.00437854
0.0100078
0.00635259
0.00437987
0.00437896
0.00609061
0.00476294
0.00587277
0.00523001
0.00436457
0.00587079
0.00560954
0.00435827
0.00435425
0.00435186
0.00434936
0.0056897
0.0057695
0.00780197
0.0102555
0.00491955
0.00433843
0.00559401
0.00713944
0.00560023
0.00433031
0.00433092
0.00488042
0.00978092
0.00572163
0.00432556
0.00432427
0.00460743
0.00432205
0.00432258
0.00432081
0.00432132
0.007254
0.00431976
0.00432055
0.00990718
0.004318
0.00702291
0.00622165
0.00431772
0.00837522
0.00782664
0.00678327
0.00529522
0.00431724
0.0056732
0.00431905
0.00431863
0.00431759
0.004792
0.00431901
0.00431905
0.00431919
0.00431807
0.00431824
0.00431974
0.00432072
0.00433658
0.0120418
0.591732
0.101549
0.0435403
0.0279094
0.0188396
0.0156588
0.0183398
0.0133783
0.0109478
0.0058514
0.0229653
0.0124865
0.00800367
0.0118131
0.00619696
0.00600199
0.0136241
0.0053033
0.00356444
0.00563312
0.0172788
0.00522812
0.0110064
0.00409643
0.005131
0.014481
0.00949362
0.011854
0.0204394
0.00451371
0.00440395
0.0101349
0.0110619
0.00444536
0.00445094
0.00445691
0.00555513
0.00446163
0.0044608
0.00466192
0.00445973
0.00898903
0.00675458
0.00445531
0.0082836
0.0044491
0.00444721
0.00444414
0.00781304
0.00491148
0.00443782
0.0101154
0.00443391
0.00443199
0.00930468
0.00921863
0.008028
0.00511715
0.0131096
0.004423
0.00864297
0.010062
0.0172924
0.00562388
0.00868198
0.00449963
0.0107156
0.00725526
0.00441255
0.00781333
0.00441077
0.00441024
0.00440887
0.00553467
0.00493482
0.00517011
0.00666514
0.00440812
0.00440598
0.0044061
0.00527651
0.0117815
0.00595461
0.00619587
0.00440579
0.0044053
0.00440595
0.00766895
0.00842274
0.00440497
0.0058851
0.0044065
0.0044065
0.00440664
0.00440651
0.0044055
0.00440572
0.00440723
0.00442306
0.0186413
)
;

boundaryField
{
    inlet
    {
        type            calculated;
        value           uniform 0;
    }
    outlet
    {
        type            calculated;
        value           uniform 0;
    }
    frontAndBack
    {
        type            empty;
    }
    walls
    {
        type            calculated;
        value           uniform 0;
    }
}


// ************************************************************************* //
