/*--------------------------------*- C++ -*----------------------------------*\
| =========                 |                                                 |
| \\      /  F ield         | OpenFOAM: The Open Source CFD Toolbox           |
|  \\    /   O peration     | Version:  2606                                  |
|   \\  /    A nd           | Website:  www.openfoam.com                      |
|    \\/     M anipulation  |                                                 |
\*---------------------------------------------------------------------------*/
FoamFile
{
    version     2.0;
    format      ascii;
    arch        "LSB;label=32;scalar=64";
    class       cellSet;
    location    "constant/polyMesh/sets";
    object      hrSamples;
}
// * * * * * * * * * * * * * * * * * * * * * * * * * * * * * * * * * * * * * //


3663
(
8192
0
1
8194
2
3
4
8197
5
6
8199
7
8200
8
8201
9
10
8203
11
12
8205
13
14
8207
15
16
8209
17
18
19
8212
20
21
22
23
8216
24
25
26
8219
27
28
29
8222
30
31
32
33
8226
34
35
8228
36
37
8230
38
39
40
8233
41
42
43
8236
44
45
8238
46
47
48
49
8242
50
51
8244
53
55
57
8250
59
8252
61
8255
64
8258
66
8260
68
8263
71
74
8267
78
8271
8273
81
8275
83
8277
86
8279
8281
89
8284
92
94
8288
96
98
8291
100
102
8296
104
8298
106
8299
8300
108
8302
110
8304
113
8306
115
8308
117
8310
120
8314
122
8318
126
8321
129
8324
132
8327
135
8329
137
8332
141
8335
143
8337
145
147
8340
149
150
8343
151
153
8346
8348
157
159
161
8354
8356
164
166
8359
168
8362
171
8365
173
175
8368
177
8370
8372
180
8374
183
8376
8378
186
8380
188
190
8383
192
8386
194
196
8389
198
200
8393
202
8395
8397
205
8399
8400
8401
210
8403
8405
213
8407
215
8409
217
8412
220
222
224
8417
226
8419
229
8423
231
8425
235
237
8431
241
8434
243
245
8439
247
8441
249
250
251
8444
254
8447
256
8449
258
8451
8453
262
8455
264
8457
266
8460
268
8463
271
273
8466
8469
277
8471
280
8473
283
8477
286
8479
8481
289
8484
292
294
8487
296
8490
298
8492
300
8494
303
305
8498
8499
307
8500
8502
310
8504
313
8506
315
8508
317
8510
319
8513
8515
325
8520
328
8522
331
8524
8526
334
8528
8530
338
8532
341
343
8536
345
347
349
8542
350
351
8546
354
8548
356
8550
359
8552
8554
362
364
8558
366
8562
370
8564
372
374
8567
377
8570
8572
380
382
8575
385
8578
387
8580
8582
390
392
8585
394
396
8589
398
8591
400
8593
402
8596
8599
8600
408
8601
8603
411
8605
413
8607
8609
418
8611
421
8614
423
8616
425
8618
8621
429
8623
431
434
8627
436
8629
8631
439
441
8634
8638
447
8640
449
450
8644
8647
455
8649
457
8651
460
8653
462
8656
465
467
8660
470
8663
472
8666
474
8668
476
478
8671
480
8673
483
8677
485
488
490
8684
493
8686
495
8688
8690
498
8692
500
501
8694
503
8698
506
8699
8700
509
8702
511
8704
513
8706
8708
516
8710
519
8712
521
8715
523
8717
525
527
8720
8722
531
8725
8728
536
539
8732
541
8736
544
546
8739
8741
549
550
8743
552
8745
554
8748
8750
558
8752
560
8754
562
565
8758
568
8762
570
572
8765
574
8767
576
8769
579
8772
8774
582
584
8779
587
8781
590
8783
8785
593
8787
595
597
600
601
8796
605
8799
607
8800
8801
609
8803
611
8805
613
8807
8809
617
8811
619
621
8814
623
8816
625
8818
627
8821
631
8824
633
8826
636
8830
638
8833
641
8835
644
8837
646
8840
648
8842
650
653
8846
8849
8851
8853
662
8855
664
8857
8859
668
8861
670
8864
672
674
8868
676
8871
679
8873
8876
685
8878
687
8880
689
8882
8884
692
8886
695
8889
697
8891
699
700
8893
702
8895
704
8898
706
8899
8900
708
8902
710
8904
713
8906
8908
716
8910
719
8913
721
8915
723
8917
725
727
8920
8922
730
732
8925
734
8928
736
738
8931
740
743
746
8939
748
8941
750
8944
8948
757
8950
8952
761
8954
8956
764
8958
767
8960
8962
770
772
8966
8970
778
8972
8974
783
8977
785
8979
787
8981
789
8983
791
794
8988
797
8990
799
8992
800
801
8994
803
8996
805
8999
809
812
816
819
821
824
826
829
831
834
838
840
842
845
848
850
852
854
856
858
860
863
865
868
870
872
875
878
882
886
889
891
894
897
900
901
903
905
907
909
911
917
919
921
923
927
930
934
938
940
942
945
948
950
954
956
958
960
962
964
966
968
972
974
976
978
981
983
986
991
994
996
999
1000
1002
1005
1007
1009
1011
1013
1020
1023
1027
1030
1032
1034
1037
1039
1043
1047
1050
1051
1054
1060
1062
1065
1067
1069
1071
1075
1079
1081
1083
1085
1088
1090
1092
1095
1098
1100
1102
1106
1108
1111
1113
1116
1120
1122
1124
1126
1128
1132
1134
1136
1139
1141
1143
1147
1150
1151
1153
1155
1157
1159
1162
1165
1168
1171
1173
1175
1180
1183
1185
1188
1190
1192
1194
1196
1198
1200
1202
1204
1206
1208
1211
1214
1216
1220
1224
1227
1229
1232
1234
1236
1239
1241
1243
1245
1247
1250
1253
1257
1260
1262
1265
1267
1269
1272
1275
1281
1283
1285
1288
1290
1292
1294
1296
1299
1300
1301
1305
1309
1311
1313
1316
1318
1321
1323
1326
1328
1330
1332
1337
1339
1341
1343
1345
1348
1350
1353
1357
1362
1364
1367
1369
1372
1374
1379
1384
1386
1388
1390
1394
1397
1399
1400
1401
1404
1406
1408
1410
1413
1416
1418
1420
1423
1425
1427
1431
1433
1435
1437
1439
1442
1445
1448
1450
1452
1455
1457
1459
1462
1464
1469
1471
1476
1478
1480
1482
1484
1486
1490
1494
1497
1499
1500
1501
1503
1506
1508
1510
1513
1515
1517
1520
1522
1524
1527
1529
1531
1533
1535
1538
1542
1546
1550
1552
1555
1557
1559
1562
1564
1569
1571
1573
1576
1578
1580
1582
1584
1586
1589
1591
1593
1595
1598
1600
1601
1603
1606
1608
1611
1613
1616
1618
1620
1622
1624
1627
1629
1631
1633
1635
1637
1640
1644
1647
1650
1652
1654
1657
1659
1662
1665
1671
1673
1676
1680
1682
1684
1688
1692
1696
1699
1700
1701
1703
1705
1708
1710
1713
1717
1719
1722
1725
1728
1731
1733
1736
1739
1741
1743
1745
1748
1750
1752
1754
1757
1759
1762
1764
1766
1768
1770
1774
1776
1779
1782
1784
1787
1790
1792
1794
1796
1799
1800
1801
1803
1805
1808
1810
1813
1815
1817
1821
1823
1825
1828
1831
1833
1836
1839
1843
1845
1848
1850
1852
1854
1857
1859
1862
1864
1869
1872
1877
1879
1885
1887
1891
1894
1896
1900
1901
1903
1906
1908
1910
1913
1916
1918
1921
1924
1926
1928
1930
1932
1934
1936
1938
1940
1942
1945
1947
1949
1950
1951
1952
1953
1954
1955
1956
1957
1958
1959
1960
1961
1962
1963
1964
1965
1966
1967
1968
1969
1970
1971
1972
1973
1974
1975
1976
1977
1978
1979
1980
1981
1982
1983
1984
1985
1986
1987
1988
1989
1990
1991
1992
1993
1994
1995
1996
1997
1998
1999
2001
2003
2005
2007
2009
2012
2014
2018
2021
2024
2026
2030
2032
2034
2036
2038
2040
2043
2045
2047
2049
2051
2053
2057
2059
2061
2063
2065
2069
2071
2073
2075
2078
2080
2082
2085
2087
2093
2095
2097
2099
2100
2102
2104
2106
2108
2110
2113
2116
2119
2122
2127
2133
2135
2137
2139
2142
2144
2146
2148
2150
2152
2155
2158
2160
2162
2164
2167
2174
2177
2179
2181
2184
2186
2189
2191
2194
2196
2199
2201
2203
2205
2207
2211
2215
2218
2221
2223
2225
2229
2231
2234
2236
2238
2241
2243
2245
2247
2249
2251
2253
2257
2259
2263
2265
2268
2270
2272
2275
2280
2283
2287
2290
2292
2295
2297
2299
2300
2302
2304
2306
2309
2312
2317
2320
2322
2324
2327
2330
2333
2335
2340
2342
2346
2348
2350
2352
2354
2356
2358
2361
2364
2366
2369
2373
2376
2378
2382
2385
2388
2391
2393
2396
2398
2399
2401
2403
2405
2408
2411
2414
2416
2419
2421
2423
2425
2428
2432
2437
2439
2441
2444
2449
2451
2455
2457
2459
2462
2465
2468
2471
2474
2479
2481
2483
2487
2489
2495
2497
2499
2500
2502
2504
2507
2509
2513
2515
2517
2520
2524
2526
2529
2531
2534
2536
2538
2540
2543
2545
2547
2550
2553
2556
2558
2561
2564
2567
2569
2572
2575
2577
2580
2582
2584
2586
2588
2590
2592
2594
2596
2598
2599
2601
2606
2608
2610
2612
2614
2616
2619
2622
2627
2630
2632
2635
2639
2642
2644
2646
2649
2652
2655
2657
2660
2662
2665
2668
2671
2673
2676
2679
2685
2687
2689
2691
2693
2695
2697
2699
2700
2703
2705
2707
2709
2711
2713
2715
2717
2720
2723
2725
2728
2731
2734
2737
2741
2745
2748
2751
2754
2756
2759
2761
2764
2766
2769
2772
2774
2777
2781
2783
2788
2790
2792
2794
2796
2798
2799
2801
2804
2806
2808
2810
2812
2814
2818
2821
2824
2826
2830
2833
2835
2838
2840
2843
2847
2849
2853
2855
2857
2860
2862
2865
2868
2871
2873
2876
2879
2882
2886
2889
2891
2893
2895
2897
2899
2900
2903
2905
2907
2909
2911
2913
2916
2919
2923
2927
2929
2931
2934
2936
2939
2941
2945
2948
2952
2956
2959
2961
2964
2967
2970
2972
2975
2977
2981
2984
2988
2990
2992
2994
2996
2998
2999
3001
3004
3006
3008
3010
3012
3014
3018
3020
3022
3025
3028
3030
3032
3035
3037
3040
3042
3047
3050
3054
3058
3062
3065
3069
3071
3074
3076
3078
3080
3082
3086
3089
3091
3093
3095
3097
3099
3102
3107
3109
3111
3113
3115
3117
3121
3123
3126
3129
3131
3133
3136
3139
3144
3149
3151
3153
3155
3157
3160
3163
3166
3168
3170
3173
3175
3177
3179
3181
3183
3185
3188
3190
3192
3194
3196
3198
3199
3200
3203
3205
3208
3210
3212
3214
3216
3219
3222
3225
3228
3230
3232
3235
3237
3241
3243
3246
3248
3252
3256
3258
3261
3264
3267
3269
3271
3274
3276
3278
3280
3282
3284
3287
3289
3293
3295
3297
3299
3302
3304
3307
3309
3311
3313
3315
3317
3321
3324
3326
3331
3333
3336
3338
3340
3342
3344
3347
3350
3354
3357
3359
3362
3366
3368
3373
3375
3377
3379
3381
3383
3385
3391
3394
3396
3398
3399
3400
3403
3405
3408
3410
3412
3414
3416
3418
3420
3423
3425
3427
3429
3432
3434
3437
3439
3441
3443
3446
3448
3452
3456
3458
3461
3465
3467
3470
3472
3474
3476
3478
3480
3482
3484
3486
3488
3490
3493
3495
3497
3499
3502
3504
3507
3509
3511
3513
3515
3519
3521
3524
3526
3528
3531
3533
3536
3538
3545
3547
3550
3554
3557
3560
3563
3566
3568
3571
3573
3575
3577
3579
3583
3591
3594
3596
3598
3599
3601
3603
3606
3610
3612
3614
3617
3620
3622
3625
3627
3630
3632
3635
3640
3642
3644
3646
3649
3651
3653
3655
3659
3661
3665
3669
3672
3676
3678
3681
3685
3687
3689
3693
3695
3697
3699
3700
3702
3705
3708
3711
3713
3716
3719
3724
3726
3728
3731
3733
3737
3739
3741
3743
3745
3747
3750
3752
3754
3757
3762
3764
3767
3771
3774
3777
3779
3782
3788
3790
3792
3794
3799
3801
3803
3806
3810
3812
3815
3818
3821
3823
3825
3829
3832
3835
3838
3840
3842
3846
3849
3851
3856
3858
3860
3863
3866
3868
3870
3873
3876
3878
3881
3884
3886
3889
3891
3893
3896
3898
3899
3902
3904
3907
3909
3911
3913
3916
3920
3922
3924
3927
3931
3934
3936
3939
3941
3944
3947
3950
3953
3957
3959
3962
3965
3967
3969
3972
3975
3977
3980
3982
3985
3988
3990
3992
3994
3997
3999
4000
4003
4005
4008
4010
4012
4014
4017
4019
4021
4023
4025
4029
4032
4035
4038
4040
4042
4046
4048
4051
4055
4058
4060
4063
4066
4068
4070
4073
4079
4081
4083
4086
4089
4091
4093
4095
4098
4099
4101
4104
4107
4109
4111
4113
4115
4118
4120
4122
4127
4131
4133
4137
4139
4141
4143
4145
4147
4150
4152
4154
4157
4159
4162
4164
4167
4169
4172
4174
4176
4185
4187
4190
4192
4194
4197
4199
4200
4202
4206
4210
4212
4214
4217
4219
4224
4226
4228
4230
4232
4235
4238
4240
4242
4244
4246
4248
4256
4258
4260
4266
4270
4273
4275
4278
4280
4282
4284
4286
4288
4291
4293
4295
4298
4299
4301
4304
4308
4311
4313
4315
4321
4323
4325
4327
4329
4331
4333
4337
4339
4341
4347
4349
4351
4353
4355
4357
4361
4363
4365
4368
4372
4374
4376
4379
4381
4383
4385
4387
4389
4392
4394
4396
4399
4400
4403
4406
4410
4414
4416
4418
4420
4422
4426
4428
4430
4432
4434
4436
4438
4440
4443
4445
4448
4450
4452
4454
4456
4459
4462
4464
4466
4470
4473
4477
4480
4482
4484
4486
4490
4493
4495
4498
4499
4502
4504
4508
4512
4515
4517
4519
4521
4524
4527
4529
4531
4533
4535
4537
4539
4542
4546
4549
4551
4553
4555
4557
4560
4563
4565
4568
4571
4575
4578
4581
4583
4585
4588
4591
4594
4596
4599
4600
4606
4609
4611
4614
4616
4618
4620
4622
4625
4628
4630
4634
4636
4638
4641
4644
4647
4650
4652
4654
4656
4658
4661
4664
4667
4669
4672
4674
4677
4679
4684
4686
4689
4693
4695
4698
4699
4701
4703
4705
4708
4710
4713
4715
4717
4724
4727
4732
4735
4740
4743
4745
4749
4751
4753
4755
4757
4760
4762
4765
4768
4771
4773
4776
4778
4780
4782
4785
4787
4791
4797
4799
4800
4802
4804
4806
4809
4812
4814
4816
4819
4821
4823
4825
4829
4831
4833
4837
4839
4842
4844
4846
4848
4850
4852
4854
4856
4858
4861
4863
4866
4869
4872
4874
4879
4881
4883
4886
4888
4890
4892
4894
4896
4898
4899
4901
4903
4905
4907
4911
4913
4915
4917
4922
4924
4926
4928
4930
4932
4936
4941
4945
4949
4955
4957
4959
4962
4964
4967
4970
4973
4975
4977
4980
4982
4985
4987
4989
4991
4993
4995
4999
5000
5002
5004
5008
5010
5012
5014
5018
5020
5023
5025
5027
5029
5031
5034
5038
5040
5043
5047
5051
5053
5056
5058
5060
5063
5065
5069
5071
5074
5076
5079
5081
5083
5086
5088
5090
5092
5094
5097
5099
5101
5103
5106
5109
5111
5113
5116
5122
5124
5126
5128
5130
5133
5136
5139
5141
5144
5146
5150
5152
5154
5159
5162
5164
5166
5168
5170
5172
5175
5177
5180
5182
5184
5187
5189
5191
5193
5195
5199
5200
5202
5204
5208
5210
5212
5215
5217
5219
5221
5229
5232
5234
5238
5240
5242
5248
5251
5257
5260
5263
5265
5267
5271
5273
5278
5281
5286
5288
5290
5292
5294
5296
5298
5299
5301
5303
5305
5307
5309
5311
5314
5316
5318
5320
5323
5325
5327
5331
5335
5337
5339
5341
5343
5345
5347
5350
5353
5355
5358
5362
5366
5369
5374
5376
5379
5383
5385
5387
5389
5391
5393
5395
5397
5399
5400
5402
5404
5406
5408
5410
5413
5415
5417
5419
5422
5424
5426
5429
5433
5436
5438
5440
5442
5444
5446
5448
5451
5454
5456
5459
5464
5467
5470
5472
5475
5477
5480
5482
5484
5486
5488
5492
5494
5496
5499
5501
5503
5505
5509
5512
5514
5516
5521
5525
5527
5530
5532
5535
5539
5541
5543
5547
5550
5552
5555
5557
5561
5563
5565
5568
5571
5573
5576
5579
5581
5583
5585
5590
5593
5595
5597
5599
5600
5602
5604
5607
5611
5613
5615
5618
5620
5623
5626
5628
5631
5633
5637
5640
5642
5645
5649
5651
5653
5656
5658
5660
5662
5664
5666
5669
5672
5675
5678
5682
5684
5687
5689
5692
5694
5696
5698
5699
5701
5703
5706
5709
5712
5714
5716
5722
5724
5727
5729
5732
5734
5736
5739
5741
5743
5746
5748
5750
5754
5757
5759
5761
5763
5768
5770
5774
5776
5780
5783
5786
5788
5791
5793
5795
5797
5799
5802
5805
5808
5811
5813
5815
5817
5819
5821
5826
5828
5830
5833
5835
5837
5840
5842
5845
5847
5849
5852
5855
5858
5860
5862
5865
5867
5869
5872
5879
5881
5884
5887
5889
5892
5894
5896
5898
5899
5900
5901
5902
5903
5904
5905
5906
5907
5908
5909
5910
5911
5912
5913
5914
5915
5916
5917
5918
5919
5920
5921
5922
5923
5924
5925
5926
5927
5928
5929
5930
5931
5932
5933
5934
5935
5936
5937
5938
5939
5940
5941
5942
5943
5944
5945
5946
5947
5948
5949
5950
5951
5952
5953
5954
5955
5956
5957
5958
5959
5960
5961
5962
5963
5964
5965
5966
5967
5968
5969
5970
5971
5972
5973
5974
5975
5976
5977
5978
5979
5980
5981
5982
5983
5984
5985
5986
5987
5988
5989
5990
5991
5992
5993
5994
5995
5996
5997
5998
5999
6000
6001
6002
6003
6004
6005
6006
6007
6008
6009
6010
6011
6012
6013
6014
6015
6016
6017
6018
6019
6020
6021
6022
6023
6024
6025
6026
6027
6028
6029
6030
6031
6032
6033
6034
6035
6036
6037
6038
6039
6040
6041
6042
6043
6044
6045
6046
6047
6048
6049
6050
6051
6052
6053
6054
6055
6056
6057
6058
6059
6060
6061
6062
6063
6064
6065
6066
6067
6068
6069
6070
6071
6072
6073
6074
6075
6076
6077
6078
6079
6080
6081
6082
6083
6084
6085
6086
6087
6088
6089
6090
6091
6092
6093
6094
6095
6096
6097
6098
6099
6100
6101
6104
6106
6108
6110
6112
6114
6116
6118
6120
6122
6124
6126
6128
6130
6132
6135
6137
6140
6143
6150
6152
6155
6157
6159
6162
6164
6166
6169
6172
6178
6181
6184
6189
6191
6193
6195
6199
6200
6203
6205
6207
6209
6211
6213
6215
6219
6223
6225
6227
6229
6234
6236
6238
6242
6244
6246
6248
6251
6254
6258
6260
6263
6265
6267
6270
6273
6275
6277
6279
6282
6285
6287
6290
6292
6298
6299
6300
6302
6304
6306
6308
6312
6314
6317
6321
6324
6326
6328
6331
6333
6335
6337
6339
6341
6345
6347
6349
6353
6356
6359
6362
6364
6366
6369
6372
6374
6376
6381
6383
6386
6389
6391
6394
6396
6399
6400
6407
6410
6413
6415
6418
6423
6425
6427
6430
6436
6438
6440
6443
6448
6450
6452
6454
6458
6460
6463
6467
6471
6473
6478
6480
6484
6487
6490
6493
6495
6498
6499
6500
6501
6503
6505
6508
6512
6516
6520
6522
6524
6526
6529
6532
6534
6537
6542
6544
6546
6549
6553
6555
6557
6559
6561
6565
6568
6570
6572
6575
6577
6579
6582
6586
6588
6591
6594
6597
6599
6600
6606
6611
6614
6617
6619
6621
6623
6625
6627
6630
6633
6635
6639
6641
6643
6645
6647
6651
6656
6658
6660
6663
6666
6669
6671
6673
6678
6680
6683
6687
6690
6692
6696
6698
6699
6700
6702
6704
6709
6713
6716
6720
6722
6724
6726
6728
6731
6734
6738
6740
6744
6746
6748
6750
6752
6754
6757
6759
6761
6765
6768
6772
6774
6776
6779
6781
6785
6789
6791
6793
6795
6797
6799
6800
6801
6803
6805
6807
6811
6814
6818
6821
6823
6825
6827
6829
6832
6836
6839
6842
6845
6847
6849
6851
6853
6856
6858
6860
6862
6864
6867
6870
6873
6875
6878
6880
6882
6884
6886
6890
6892
6894
6896
6898
6899
6900
6902
6904
6906
6910
6912
6916
6919
6922
6924
6926
6928
6931
6934
6938
6941
6943
6946
6948
6950
6955
6957
6959
6961
6963
6966
6969
6972
6974
6976
6979
6981
6983
6985
6988
6991
6993
6995
6997
6999
7000
7001
7003
7005
7008
7011
7013
7015
7017
7020
7023
7025
7027
7030
7033
7035
7037
7040
7042
7044
7047
7049
7052
7054
7056
7060
7062
7065
7067
7071
7073
7075
7078
7080
7082
7087
7089
7092
7094
7096
7098
7099
7100
7102
7106
7109
7112
7119
7122
7124
7126
7129
7132
7134
7139
7143
7145
7148
7150
7153
7155
7158
7164
7168
7170
7172
7176
7179
7181
7184
7186
7191
7197
7199
7200
7201
7204
7207
7210
7214
7216
7218
7221
7225
7227
7231
7233
7236
7238
7241
7244
7246
7249
7252
7254
7256
7259
7261
7263
7266
7269
7274
7277
7280
7283
7285
7288
7293
7295
7298
7299
7300
7303
7306
7309
7311
7315
7317
7319
7323
7326
7328
7330
7332
7334
7339
7343
7345
7348
7350
7353
7355
7358
7360
7362
7364
7368
7371
7373
7375
7378
7382
7384
7387
7390
7392
7394
7397
7399
7400
7402
7405
7408
7410
7413
7416
7418
7420
7422
7425
7429
7431
7437
7440
7442
7444
7447
7449
7452
7454
7456
7459
7461
7463
7465
7467
7470
7472
7474
7476
7479
7481
7483
7485
7488
7491
7493
7496
7498
7499
7500
7501
7504
7507
7509
7512
7514
7517
7519
7521
7524
7527
7530
7533
7535
7538
7541
7543
7546
7550
7553
7555
7558
7560
7562
7564
7566
7569
7573
7575
7577
7580
7582
7584
7586
7589
7592
7595
7597
7599
7600
7602
7605
7608
7611
7613
7615
7618
7620
7622
7626
7629
7632
7634
7636
7640
7645
7648
7652
7654
7657
7659
7663
7665
7668
7671
7674
7676
7678
7681
7685
7687
7691
7693
7696
7698
7699
7700
7701
7704
7707
7710
7712
7714
7717
7719
7721
7723
7725
7727
7731
7733
7735
7737
7739
7742
7744
7746
7750
7753
7755
7758
7761
7766
7769
7772
7775
7777
7780
7783
7786
7789
7792
7794
7797
7799
7800
7803
7805
7808
7811
7813
7816
7818
7822
7824
7826
7828
7830
7832
7834
7836
7838
7841
7843
7848
7851
7857
7859
7862
7864
7867
7870
7873
7876
7879
7882
7885
7888
7891
7893
7895
7898
7899
7900
7902
7904
7907
7910
7912
7914
7917
7920
7923
7925
7927
7929
7931
7933
7937
7940
7942
7945
7947
7949
7952
7954
7956
7958
7961
7963
7966
7968
7972
7974
7978
7981
7983
7986
7989
7992
7994
7997
7999
8000
8001
8003
8005
8009
8013
8016
8019
8021
8024
8026
8028
8030
8032
8035
8038
8041
8044
8046
8048
8050
8053
8055
8059
8065
8067
8071
8073
8075
8077
8079
8082
8084
8087
8091
8093
8095
8098
8099
8100
8102
8104
8106
8108
8111
8114
8118
8120
8123
8125
8127
8129
8131
8134
8137
8140
8143
8145
8147
8149
8151
8154
8157
8162
8164
8166
8169
8172
8174
8176
8178
8180
8183
8185
8190
)


// ************************************************************************* //
